1600
716
973
410
767
132
565
700
646
222
599
443
256
318
77
10
763
555
503
261
154
96
640
969
127
580
350
361
300
852
463
622
596
644
660
51
528
322
93
152
801
328
190
417
585
450
677
612
319
330
543
31
616
694
77
27
897
414
365
918
682
172
245
168
706
632
588
766
389
641
683
697
959
414
25
44
515
698
51
132
475
680
301
129
336
287
549
766
713
835
538
105
22
805
922
156
530
13
53
183
720
968
505
610
105
285
706
647
648
379
433
161
871
119
313
67
993
322
535
48
190
336
531
426
64
895
47
853
627
382
426
285
858
243
322
881
732
221
5
583
422
983
260
0
544
379
90
509
157
609
367
74
892
734
886
2
255
578
472
11
567
305
428
480
903
21
911
904
754
733
665
225
952
949
728
392
559
755
604
455
530
772
610
891
373
805
791
167
293
861
768
571
187
606
888
303
583
764
203
942
825
373
57
157
631
346
107
273
42
238
526
609
271
502
373
117
229
801
711
967
129
893
408
421
382
927
870
904
899
1000
340
589
110
660
465
756
842
889
395
234
45
129
33
303
481
610
229
43
309
148
316
997
906
190
670
844
254
782
11
983
714
602
692
705
235
635
609
924
888
438
658
174
653
259
213
63
229
395
884
985
513
901
380
281
209
470
542
215
412
740
4
521
749
214
470
532
249
827
32
558
80
846
726
89
501
779
413
658
464
158
513
460
912
497
694
316
40
364
279
965
865
666
166
366
110
216
884
834
281
17
123
17
419
463
53
628
993
29
76
328
606
699
683
946
860
844
967
177
947
65
55
306
754
572
914
837
627
912
909
71
12
614
701
692
990
568
756
770
561
851
198
11
905
219
560
403
263
248
455
474
252
674
616
658
272
23
512
445
10
576
850
586
436
787
392
982
187
439
538
133
76
146
285
252
621
289
410
221
78
36
993
510
335
226
598
665
854
217
974
970
393
255
334
225
723
883
99
412
853
239
992
892
343
708
603
308
348
685
239
688
62
327
771
891
451
415
309
317
585
572
893
332
224
222
796
295
10
440
421
815
767
386
786
583
466
870
107
905
830
90
112
67
917
676
828
112
986
601
58
666
527
766
409
41
999
674
524
804
177
190
959
823
904
138
122
142
260
65
577
418
765
415
143
46
76
602
946
456
898
639
110
639
183
77
370
804
493
257
375
511
244
987
925
57
223
250
310
682
625
881
560
744
92
588
284
62
82
178
557
811
664
329
768
995
506
880
959
9
240
489
184
351
370
351
285
647
509
147
927
34
865
688
104
23
648
1000
225
433
544
486
425
649
361
764
434
110
974
232
41
401
544
483
635
350
5
237
391
693
278
769
944
929
679
95
165
107
196
293
286
496
558
587
554
235
444
22
493
578
453
813
206
135
945
497
308
538
988
857
757
295
855
163
85
407
203
892
109
678
797
796
651
920
559
360
284
511
421
542
130
519
756
687
619
49
20
978
628
146
566
423
843
1
331
180
110
369
887
635
347
357
648
707
144
686
244
806
993
664
407
566
360
564
606
377
727
167
167
288
469
14
424
656
744
80
497
693
748
333
161
977
530
693
245
895
517
578
394
939
976
397
182
24
851
546
42
647
881
1
496
844
580
371
702
908
976
412
508
28
908
63
697
539
257
501
409
946
11
439
600
397
635
747
514
951
484
383
672
932
590
184
173
551
228
11
730
509
546
837
754
836
53
119
803
822
920
539
80
402
784
137
970
490
882
479
407
906
392
340
577
637
688
517
270
858
252
827
866
514
569
718
801
385
388
245
375
280
460
418
666
787
869
99
100
921
767
610
332
150
670
181
911
904
785
108
308
361
325
664
472
320
48
511
876
123
215
772
836
295
624
787
725
26
560
819
690
992
13
839
647
500
432
954
914
399
807
466
270
908
78
147
492
357
450
998
873
85
910
572
95
477
864
325
949
161
707
558
903
525
61
846
456
264
783
936
277
411
872
808
541
519
719
536
150
196
172
562
271
591
151
412
87
344
517
203
154
67
297
841
437
353
935
290
113
259
336
265
834
521
166
918
454
588
606
757
799
696
553
621
459
617
857
729
909
79
990
281
46
334
826
929
396
781
361
98
480
693
904
109
118
383
659
15
472
756
2
246
940
636
749
363
454
33
701
784
684
524
73
662
638
536
718
763
493
11
194
920
424
597
789
463
485
882
722
963
780
284
897
125
596
534
578
760
896
653
551
871
673
964
193
17
776
190
70
146
534
199
349
458
754
54
97
799
143
171
247
432
591
37
337
602
590
676
913
268
615
407
269
433
398
673
567
454
916
654
690
238
305
887
725
917
393
479
779
706
87
142
174
664
773
202
918
341
468
592
279
603
953
470
495
476
251
480
432
72
254
526
708
110
387
509
200
289
516
288
514
123
105
581
524
238
522
769
254
441
999
257
232
669
359
764
886
368
684
420
867
148
718
990
846
302
282
338
735
478
630
496
670
351
836
675
492
540
394
153
70
620
337
414
514
264
701
740
653
637
822
676
689
262
367
354
532
796
613
38
410
435
864
163
305
156
555
874
855
556
52
851
902
263
238
321
151
824
410
634
128
988
498
994
751
366
857
246
891
80
496
963
987
991
561
759
210
880
506
723
331
637
593
294
807
165
224
728
292
354
768
424
481
427
170
723
966
178
662
420
135
677
387
998
135
612
387
927
134
420
511
486
888
541
852
339
683
399
698
789
909
587
287
448
646
428
595
824
919
186
531
362
840
684
182
629
246
444
758
575
207
433
505
358
996
393
406
648
192
285
813
868
395
858
501
97
853
253
573
462
912
874
582
549
444
148
236
299
846
810
1
486
434
901
290
126
782
704
516
357
514
150
959
504
988
984
388
488
311
736
65
299
617
926
445
430
762
212
58
501
479
892
796
874
74
406
16
766
976
133
985
684
93
994
678
151
107
290
324
422
89
233
999
456
38
581
137
290
641
776
129
859
541
910
115
326
286
32
222
665
82
614
940
995
427
90
363
225
90
69
517
119
137
933
881
48
859
289
333
893
739
715
816
513
528
831
358
96
884
673
109
844
747
472
906
741
284
650
997
265
102
988
814
856
428
112
328
365
568
455
1000
825
777
571
994
314
226
22
355
920
72
963
669
119
56
24
408
747
591
167
890
830
161
466
468
477
966
658
194
446
191
832
536
864
302
785
681
705
105
257
202
625
821
361
340
334
176
470
400
329
454
796
591
275
799
37
405
855
895
913
28
271
771
643
62
789
4
272
709
192
488
944
9
153
263
568
110
374
263
998
590
425
623
213
685
247
164
641
81
926
229
597
217
387
242
689
120
380
160
143
323
673
590
665
403
95
248
987
916
773
304
848
577
180
865
929
237
281
267
839
506
556
714
36
88
432
44
671
890
396
585
649
287
48
966
618
977
266
650
815
167
586
304
381
376
630
828
254
396
572
125
291
867
676
602
232
803
661
24
6
114
956
665
527
548
313
790
660
719
224
519
590
752
569
810
227
908
42
856
935
160
730
668
852
639
883
37
888
96
661
199
564
660
222
826
181
384
6
773
707
186
49
858
918
536
970
595
176
511
309
199
261
223
361
744
593
219
283
870
836
187
255
212
715
2
502
905
284
223
170
652
958
763
456
47
739
541
