400
88
630
234
980
742
499
824
845
891
493
646
175
237
496
550
378
364
126
935
60
641
747
432
62
296
178
474
998
860
462
741
780
763
478
6
18
111
467
586
430
817
573
714
518
4
546
374
678
160
464
499
53
645
563
189
445
933
634
117
256
733
262
808
402
786
623
443
15
894
663
59
479
91
186
578
220
201
620
815
182
46
430
782
322
690
360
57
136
576
301
429
848
569
785
737
450
916
799
534
40
587
164
672
57
306
550
657
580
146
439
965
545
454
491
778
763
691
431
529
262
612
834
187
14
55
64
421
255
921
179
621
948
729
903
457
134
825
645
23
202
85
508
534
592
245
451
282
78
93
888
114
294
680
848
431
87
722
546
297
980
568
470
92
527
922
214
706
324
25
557
730
488
87
289
176
519
842
603
719
42
329
529
541
861
369
2
801
298
990
588
288
341
72
818
356
381
670
135
90
751
752
104
37
901
273
413
721
541
291
289
178
665
832
401
772
150
121
723
431
372
125
257
680
686
377
397
672
197
214
536
241
544
33
889
273
398
360
226
270
829
722
899
446
327
218
480
323
417
118
573
346
727
193
391
990
962
24
679
773
892
103
598
396
754
114
271
760
4
946
81
961
604
670
127
188
145
95
93
568
476
530
920
538
767
538
982
603
808
478
94
759
746
761
35
369
578
292
495
909
990
214
646
389
560
568
173
503
847
283
319
10
104
770
237
225
543
355
822
374
483
409
387
204
971
747
3
940
316
649
471
900
848
76
101
102
286
843
308
76
527
783
639
466
227
928
860
305
615
196
482
826
878
939
0
245
678
492
831
316
791
662
219
85
841
5
337
478
703
240
592
541
349
164
144
876
772
779
14
561
703
831
293
282
142
999
984
258
76
596
815
954
907
750
951
0
536
476
774
31
980
