800
139
259
167
905
120
87
230
795
127
306
712
786
977
130
606
822
359
78
405
841
557
586
775
377
659
977
13
898
770
941
257
705
685
704
857
353
963
87
559
179
688
169
907
865
717
895
268
556
214
817
725
653
649
27
509
451
752
584
328
380
337
36
345
448
573
84
168
268
738
509
132
842
742
97
713
297
140
639
601
617
188
69
956
794
371
553
393
622
295
180
536
961
668
544
36
358
834
527
875
806
224
649
547
360
674
863
425
683
915
89
889
495
178
498
61
966
191
83
658
236
684
780
843
469
991
487
176
764
806
657
865
253
278
39
328
516
490
595
369
276
590
392
833
690
172
638
174
7
716
137
285
60
894
283
247
452
12
8
267
953
559
183
869
668
920
525
755
203
376
114
14
865
62
38
837
801
142
424
648
336
542
437
698
934
673
792
535
629
525
981
335
696
554
903
440
597
22
464
823
515
856
505
855
429
192
448
911
162
977
515
708
616
531
60
622
410
666
380
692
695
255
5
709
914
165
676
926
919
470
510
854
772
415
172
809
959
233
250
418
368
179
592
210
565
284
7
243
158
38
15
209
885
391
61
671
494
85
254
836
572
636
909
402
154
667
239
4
495
483
47
535
461
740
114
566
3
705
4
189
266
791
907
512
531
810
884
271
915
760
936
782
136
48
8
475
896
585
650
201
794
638
747
888
340
584
894
371
979
736
583
186
227
928
904
592
946
435
51
885
353
328
566
444
6
335
223
516
894
305
641
492
949
613
829
623
787
242
864
976
169
288
408
210
542
391
962
137
268
718
918
178
980
228
646
530
176
734
736
524
245
871
136
115
845
489
121
114
400
857
576
131
747
247
519
687
496
851
207
326
784
349
358
274
782
305
929
219
735
733
276
808
768
586
523
36
568
125
193
943
755
507
35
37
500
465
683
600
934
65
331
761
287
147
171
873
123
742
632
490
687
308
478
475
296
873
628
907
739
301
350
429
854
489
85
792
422
951
460
847
483
641
72
595
131
981
219
736
557
905
474
261
404
801
639
617
108
373
110
736
730
172
215
555
787
963
693
903
64
476
277
87
174
524
114
697
654
372
408
877
809
94
286
919
835
330
310
258
993
980
549
223
348
601
156
794
70
346
547
606
165
815
834
472
717
813
452
361
446
833
90
567
352
38
401
566
622
789
411
483
492
11
140
387
576
61
87
283
371
124
11
531
345
498
144
16
521
860
595
488
627
802
432
847
218
432
701
959
43
20
508
906
296
472
505
480
942
611
972
245
968
250
493
708
258
130
164
884
734
225
160
742
601
76
944
652
187
252
901
892
267
17
313
493
931
865
822
533
160
372
745
475
172
55
869
753
941
255
802
162
320
626
357
352
371
89
871
600
957
657
886
37
381
634
628
259
967
642
740
649
628
103
481
940
98
919
8
282
873
714
522
518
932
850
43
758
527
395
578
480
877
460
119
147
634
88
29
204
612
391
521
771
446
263
451
709
828
629
239
636
258
47
442
316
557
181
778
389
868
66
931
0
152
291
678
256
930
7
343
746
969
251
97
648
61
10
386
778
244
599
866
284
303
711
321
116
793
492
22
779
425
412
48
353
985
535
788
630
133
748
24
73
739
940
431
892
327
7
639
30
948
158
558
638
438
856
535
226
372
786
580
62
273
936
840
484
360
502
291
398
802
179
806
717
24
517
266
584
807
22
35
744
479
219
540
592
989
140
502
650
385
740
624
390
355
306
399
322
498
897
769
589
99
481
989
799
154
386
99
123
958
638
849
515
983
211
379
222
674
196
428
744
32
855
636
474
691
556
107
808
153
