6400
38
823
38
95
769
589
218
889
801
84
143
469
162
818
163
172
909
385
651
242
20
835
886
588
550
773
380
997
622
697
850
840
606
447
304
160
558
245
958
583
758
738
486
752
693
220
574
242
33
363
415
778
88
826
649
30
475
121
229
826
203
200
537
102
978
541
884
790
608
713
235
297
711
790
435
942
753
471
536
513
777
26
484
841
363
896
850
67
879
184
185
513
774
902
792
712
660
965
989
529
53
633
181
267
189
760
95
498
227
71
237
8
200
518
940
306
908
324
147
230
45
41
228
58
180
846
714
221
768
143
965
569
233
463
936
722
56
193
714
829
305
176
562
856
369
165
372
391
691
0
205
237
109
987
593
960
841
471
547
587
692
109
962
667
914
502
870
312
587
469
247
218
435
568
861
823
82
641
219
231
620
159
510
511
193
570
419
902
975
349
8
762
708
391
801
449
353
76
766
894
718
114
491
564
513
743
904
496
951
230
596
301
137
891
446
305
888
517
189
342
55
498
870
619
925
976
267
643
795
333
898
217
193
854
86
730
281
227
660
546
975
267
556
760
3
232
157
612
390
369
956
108
197
370
148
603
308
544
578
227
500
55
794
445
400
72
222
536
486
808
705
33
442
378
421
770
111
117
83
365
441
313
442
55
712
758
67
894
446
951
645
13
31
530
579
135
351
806
700
512
835
428
629
632
330
956
273
528
749
175
652
762
982
376
109
193
849
132
721
954
187
850
945
426
146
153
27
522
87
725
865
759
500
583
286
35
873
310
215
678
882
572
540
919
564
822
417
765
477
359
133
308
778
592
611
327
971
911
274
909
478
802
728
249
29
731
823
314
181
899
570
946
253
572
259
722
714
891
542
772
36
977
839
115
170
91
385
243
440
35
332
204
362
341
258
115
517
264
503
447
468
98
879
546
469
373
533
219
672
50
436
680
560
863
969
575
44
528
721
483
469
797
273
553
469
626
252
540
240
839
889
245
955
41
209
954
939
923
735
402
617
274
18
834
279
204
552
876
696
48
243
787
12
853
584
334
770
743
275
717
382
139
844
840
333
482
119
482
132
661
776
442
609
804
980
165
976
583
450
573
222
557
406
512
445
967
647
275
244
369
733
843
771
587
329
387
311
967
861
347
571
908
500
601
842
984
148
874
265
324
412
602
73
993
390
753
639
739
675
574
13
1000
862
757
875
273
97
168
321
970
261
148
971
73
806
145
223
176
770
37
49
953
707
416
812
957
40
345
727
412
351
465
54
1000
350
275
234
156
189
472
834
746
677
661
45
378
276
485
17
294
436
71
774
387
439
326
992
370
588
160
31
831
323
423
703
656
177
303
357
650
23
983
533
23
721
519
847
941
111
25
210
327
160
218
4
249
607
463
165
799
484
215
172
67
406
11
903
599
235
175
295
765
222
702
562
406
452
827
673
971
522
631
985
907
345
41
815
860
558
596
839
988
329
372
633
288
87
3
874
574
878
445
888
994
501
437
105
43
147
29
209
861
70
372
9
863
212
136
78
120
381
29
945
889
180
244
458
9
540
955
579
771
916
85
325
847
424
718
492
674
684
629
752
901
273
455
581
159
225
808
967
686
147
297
62
347
809
959
318
889
7
248
500
195
880
480
90
441
647
829
761
660
564
818
544
448
171
451
733
874
80
845
725
256
968
445
124
975
336
698
602
504
294
555
305
619
836
893
723
100
892
104
917
73
581
552
823
910
223
280
717
87
406
39
928
259
662
444
315
11
565
829
508
681
563
321
723
929
79
790
304
850
967
308
396
415
848
552
803
930
782
39
941
496
789
413
649
215
982
162
441
472
412
116
56
461
537
221
792
377
175
479
237
299
959
87
804
612
470
454
94
572
850
602
532
975
904
22
156
897
683
604
93
297
4
53
96
754
630
708
757
253
769
593
280
163
558
661
668
183
420
597
70
837
222
460
739
842
340
76
3
522
477
124
112
893
838
885
173
35
769
23
241
923
123
407
764
411
211
381
532
61
477
817
763
463
385
877
969
672
533
981
393
55
207
330
89
497
418
619
132
922
962
773
700
250
574
543
47
724
728
0
658
133
529
954
679
160
804
283
767
320
249
454
150
779
290
732
863
26
800
868
793
91
33
999
436
259
405
594
902
442
65
475
299
6
177
451
296
599
501
483
187
569
662
205
206
640
975
377
518
352
549
879
311
1000
463
457
962
724
48
414
518
642
636
628
508
103
266
804
225
802
71
52
709
980
294
461
782
826
255
450
413
131
416
226
638
765
348
916
232
149
384
460
377
183
98
443
781
990
43
650
731
270
334
253
556
530
169
648
920
40
757
968
681
511
588
342
598
986
347
217
320
772
453
788
726
220
603
840
60
492
417
583
186
467
563
683
719
42
723
453
261
336
703
93
421
334
2
328
943
729
503
117
770
591
286
178
290
790
10
771
905
33
351
767
797
516
720
133
850
601
520
964
420
639
430
385
702
912
215
631
971
319
45
232
25
625
911
352
821
323
741
770
388
986
507
166
97
91
985
961
578
325
727
110
802
834
54
87
587
906
37
762
685
162
956
644
153
931
411
263
687
815
559
999
746
88
415
811
905
549
592
288
290
528
576
726
502
38
184
274
542
992
285
208
457
928
523
584
385
24
128
5
490
57
967
245
594
467
634
340
784
323
892
867
108
65
834
18
779
320
669
762
433
443
876
24
192
3
23
679
343
602
402
541
124
867
948
111
530
590
183
834
609
286
830
243
12
973
185
748
376
784
756
724
711
833
13
457
986
887
338
704
574
590
115
885
850
413
197
900
295
369
589
789
629
220
579
613
786
169
808
157
678
737
764
402
14
733
742
654
972
703
139
929
164
191
419
694
106
603
861
536
259
858
627
375
838
273
481
327
316
220
130
434
940
811
16
690
524
631
708
561
109
141
453
917
772
760
884
13
663
537
947
804
975
28
524
932
633
270
507
565
435
143
713
238
442
693
231
263
906
715
905
400
796
919
186
731
308
723
702
178
369
893
788
962
591
130
342
142
209
50
731
66
141
499
394
286
959
819
173
642
639
382
274
129
216
482
640
368
668
336
558
989
739
833
936
542
621
248
304
439
224
188
220
140
410
789
273
810
149
41
839
484
836
261
131
434
927
998
794
760
374
953
405
155
845
624
243
107
460
23
390
228
840
821
399
440
492
395
856
42
774
972
491
682
258
386
718
833
128
590
501
924
216
502
87
960
991
714
255
843
652
486
337
149
359
594
923
964
428
507
62
482
845
396
10
175
57
844
597
605
635
925
727
252
120
733
730
422
302
65
965
693
54
466
418
850
448
794
75
962
256
161
626
79
455
774
70
404
51
18
805
905
464
872
296
264
873
369
130
816
816
800
1
131
595
131
900
131
780
234
357
118
528
429
114
730
761
385
617
263
860
993
479
640
455
907
239
248
460
150
594
219
680
457
353
407
924
909
459
453
14
933
60
828
657
962
448
859
369
429
971
176
213
72
978
471
817
372
440
556
219
88
758
416
502
890
271
255
864
41
829
29
29
293
863
612
917
491
231
529
50
319
340
430
455
536
782
739
451
148
202
845
399
972
750
126
922
846
188
847
141
691
732
280
135
849
1000
181
296
680
269
319
97
954
309
670
590
748
164
846
82
550
895
412
775
11
90
402
274
531
710
275
60
384
930
169
948
703
594
765
400
194
228
765
435
988
717
166
148
204
708
886
498
621
442
69
528
995
905
454
842
109
489
14
147
120
487
616
969
59
519
401
450
661
513
586
121
245
781
157
307
871
889
101
502
370
511
905
573
604
913
503
350
632
95
604
831
249
734
297
613
527
256
849
185
155
368
66
178
392
35
656
399
353
57
193
146
61
91
155
387
980
20
107
105
67
748
0
391
606
102
253
190
211
216
920
786
476
884
479
596
861
245
983
712
979
742
360
796
521
734
391
526
934
475
48
26
104
930
188
432
663
820
699
572
988
293
987
320
688
374
365
90
505
206
846
657
366
58
594
600
640
473
999
148
472
642
340
776
85
526
763
396
633
876
211
634
953
701
73
355
824
480
531
682
681
888
719
641
446
694
417
954
644
755
153
708
680
843
696
280
834
900
771
907
988
175
753
768
660
803
8
580
307
795
219
760
12
626
542
127
340
610
582
467
149
828
767
792
248
280
553
163
790
375
63
257
835
782
739
304
163
119
217
189
55
600
340
709
132
24
560
860
981
182
288
289
201
865
541
295
693
781
623
362
726
322
554
822
346
207
775
234
294
487
309
380
728
899
630
345
260
550
459
728
92
679
381
827
390
417
692
469
498
458
234
959
597
921
777
91
964
863
267
647
523
159
891
294
523
581
837
368
588
395
677
649
86
851
538
910
726
970
728
33
4
396
115
102
169
361
564
896
391
726
871
732
700
840
902
360
578
53
536
12
321
370
466
834
127
566
114
322
218
533
464
45
394
562
822
467
597
36
704
155
748
655
323
961
248
958
813
874
294
669
374
734
511
75
287
698
34
340
353
655
934
133
231
448
960
348
674
102
417
763
675
537
255
583
239
821
83
59
783
483
628
149
685
963
336
890
610
125
493
399
99
329
420
181
745
947
439
733
742
747
780
934
237
847
426
870
203
631
811
410
263
391
759
712
64
51
825
313
724
103
205
762
236
97
968
515
402
927
376
357
432
979
775
455
768
338
934
153
345
161
841
781
52
580
766
250
10
163
410
166
75
12
639
825
708
54
460
374
64
443
968
785
583
903
60
843
379
251
990
105
285
536
408
386
652
576
221
924
602
694
350
226
812
35
60
348
870
931
146
425
813
648
435
992
389
1000
826
966
470
349
521
229
600
486
905
550
643
584
367
230
395
300
706
203
831
954
137
142
616
933
435
237
274
453
781
552
409
902
497
896
502
787
82
689
312
383
329
163
373
595
726
324
66
103
364
441
385
47
715
653
359
334
764
935
502
207
406
985
681
919
344
323
33
981
850
180
973
771
172
801
923
600
208
928
944
214
269
330
465
360
524
376
995
836
862
983
69
144
932
906
571
490
608
297
710
962
275
41
503
328
885
569
260
981
973
387
273
594
4
398
902
25
897
629
918
166
116
222
249
472
974
979
514
819
642
565
793
155
867
657
240
575
267
809
995
385
927
201
544
733
391
708
478
357
277
374
519
581
201
168
586
658
233
589
832
317
303
787
79
993
522
537
979
866
866
97
290
375
281
116
255
424
174
764
107
648
515
199
389
447
464
544
886
435
652
807
533
743
244
816
527
854
28
953
724
721
991
222
510
257
605
553
929
652
813
511
205
331
469
54
794
962
794
685
245
232
396
786
373
773
340
10
50
161
699
269
500
288
141
561
360
603
691
605
511
771
745
697
592
877
471
439
887
661
752
172
357
393
624
132
36
985
975
54
173
866
863
812
493
601
328
944
971
25
380
284
323
9
9
449
80
100
658
236
743
420
249
336
824
906
872
368
309
708
365
730
966
632
77
108
999
178
606
34
426
973
436
760
203
928
706
833
168
863
843
419
62
151
260
389
343
836
907
400
439
892
715
405
815
643
635
276
426
547
580
465
313
515
774
841
577
843
551
400
173
640
744
657
659
722
638
631
59
982
401
185
295
583
243
986
308
334
480
292
55
680
437
964
772
188
462
979
483
304
896
467
171
153
326
215
11
137
496
503
206
28
151
91
628
184
376
948
739
535
547
256
444
453
92
621
157
922
154
933
699
638
266
785
669
163
628
881
294
11
800
217
426
132
77
359
559
73
885
39
68
677
610
799
896
305
456
727
152
499
414
825
525
865
9
808
927
508
872
535
991
349
850
244
491
756
939
739
471
10
835
569
73
383
503
897
826
59
827
763
685
221
604
71
259
953
193
992
482
948
388
470
220
350
47
777
365
395
36
472
788
502
560
665
395
954
720
555
83
285
204
90
447
207
362
594
679
814
285
147
850
615
496
302
510
388
790
792
637
0
166
424
63
975
507
699
857
535
144
710
635
913
960
230
173
214
181
110
10
529
824
493
334
788
374
131
267
92
10
537
495
925
184
398
842
28
35
371
720
244
155
996
803
170
439
379
710
730
716
712
374
674
149
355
914
422
492
122
536
205
402
804
799
894
753
892
626
973
217
685
594
428
126
765
698
929
514
922
364
595
201
388
302
998
696
651
798
132
63
580
165
415
393
258
715
242
729
819
564
464
546
788
155
684
606
686
373
502
841
117
771
58
5
776
574
95
653
845
585
272
93
167
71
220
875
563
808
416
695
984
88
443
625
827
247
579
937
149
956
920
827
365
677
335
449
140
403
920
958
509
808
889
507
781
261
984
312
757
445
927
393
907
52
886
979
253
432
90
178
525
813
244
839
40
901
983
79
157
893
515
218
480
563
411
746
950
704
370
647
174
957
392
152
112
549
999
568
394
30
141
466
0
899
842
5
238
603
707
689
163
215
913
1000
194
475
444
306
192
147
560
515
28
688
417
813
887
337
586
225
536
816
298
11
316
285
290
859
905
381
187
50
629
877
134
704
618
337
714
716
908
343
513
354
210
40
173
439
718
593
110
179
722
241
413
487
222
423
88
311
325
655
361
610
194
33
731
928
922
710
355
641
986
290
194
870
16
256
747
324
971
267
79
357
881
645
95
313
219
564
390
823
504
114
839
135
614
73
104
613
823
126
942
178
272
526
215
917
583
282
478
611
17
154
32
898
354
60
206
859
361
397
976
74
365
309
305
885
889
766
650
784
768
931
233
798
288
722
904
0
47
69
744
491
36
247
643
309
274
535
915
454
131
511
990
355
472
712
263
32
427
608
434
649
208
881
422
211
946
806
753
670
471
919
530
232
159
934
287
669
330
726
228
619
435
471
292
382
516
833
212
551
511
793
397
46
700
981
636
805
351
505
389
286
795
936
118
53
728
632
805
964
687
530
898
932
769
766
843
252
550
547
465
41
289
580
133
729
136
662
528
111
729
725
299
225
618
551
378
708
960
338
844
30
877
72
467
795
920
846
619
713
861
322
904
599
771
371
621
80
918
108
542
596
520
665
374
945
330
901
296
928
581
845
285
779
910
682
547
834
662
323
185
232
509
843
786
711
642
581
602
660
388
222
275
614
467
927
843
309
463
292
674
531
272
705
861
719
565
907
606
401
119
501
305
662
953
551
4
171
768
582
802
821
821
137
632
467
35
626
363
273
297
86
56
437
823
992
492
646
111
124
697
218
309
970
609
751
671
471
285
206
737
515
122
822
198
178
281
808
475
223
829
344
472
596
2
726
972
397
134
667
909
634
595
625
594
454
147
436
551
197
391
264
223
666
557
75
189
500
814
426
149
439
415
347
663
762
674
622
760
271
58
658
729
284
915
312
857
235
348
468
924
689
253
533
248
963
512
870
204
130
33
937
998
843
190
324
58
582
762
415
209
941
294
286
970
674
965
579
377
488
885
820
836
979
215
607
877
890
264
356
695
41
833
636
231
790
151
873
651
801
809
580
136
431
528
498
884
464
930
785
497
445
990
783
408
825
485
842
777
481
833
312
850
320
811
707
853
454
784
850
553
25
479
232
316
127
821
758
927
912
938
928
611
0
499
915
774
444
473
671
824
704
146
384
199
139
969
190
741
546
430
463
9
879
183
498
567
672
681
695
365
967
430
524
656
604
978
540
227
939
364
96
544
23
631
753
514
358
769
900
241
827
941
167
426
920
415
953
27
559
904
250
312
207
762
57
275
444
94
453
332
706
773
812
991
837
44
501
996
433
23
602
995
311
501
773
224
704
222
365
871
233
276
108
425
333
868
955
904
138
910
393
982
209
599
818
303
327
474
741
581
802
520
794
514
73
340
730
615
714
568
728
193
883
176
669
825
224
54
373
903
869
841
444
693
603
493
721
233
847
502
268
498
948
399
903
781
913
788
723
756
662
91
907
701
684
678
88
629
973
133
145
15
168
406
793
130
895
173
199
423
434
423
602
939
978
43
113
330
886
756
114
562
424
156
859
300
819
810
783
87
672
116
915
567
466
333
770
235
139
376
119
581
83
655
60
817
570
549
589
781
665
770
448
851
255
595
409
534
91
45
231
269
121
328
53
76
172
428
27
209
597
981
744
911
248
78
268
137
118
727
536
669
873
602
464
411
115
642
102
506
68
599
706
321
935
644
638
966
827
127
659
314
887
998
893
537
547
258
240
666
982
814
278
304
616
353
888
231
983
89
409
874
484
195
83
984
524
529
433
166
560
150
287
49
449
929
51
568
356
111
13
376
379
76
541
661
563
532
86
890
991
689
819
987
402
857
397
679
315
904
319
358
108
188
854
200
338
205
877
478
109
924
747
720
308
730
419
637
656
58
421
324
487
868
834
450
550
72
399
397
746
34
25
728
469
974
139
866
427
699
399
579
974
120
584
862
918
848
599
896
103
788
711
346
674
985
111
536
68
199
927
326
778
128
342
737
501
994
231
656
646
469
658
407
188
355
98
844
963
247
757
53
814
908
827
141
226
948
718
43
43
987
428
43
341
246
822
61
127
818
393
996
180
443
118
832
125
387
1
954
326
103
826
176
69
238
625
416
154
564
636
504
165
986
672
460
928
391
466
337
601
512
447
38
302
0
891
340
586
330
448
325
979
896
542
933
158
492
284
433
205
141
830
198
764
142
997
679
965
109
351
5
475
684
333
393
118
359
189
689
469
942
731
906
592
512
898
458
176
605
238
421
564
398
425
911
379
370
513
293
469
66
987
17
830
862
179
253
740
646
738
29
178
821
425
196
555
245
643
338
905
378
890
731
426
849
253
674
282
169
17
824
688
180
451
749
124
365
51
800
536
311
681
325
523
544
353
613
485
491
649
951
637
79
982
433
765
93
237
681
652
974
792
167
798
463
374
50
856
799
84
865
406
17
521
342
368
569
555
208
938
887
353
234
178
57
534
692
744
785
956
854
901
196
563
748
801
488
333
582
566
642
839
589
93
25
622
381
749
997
509
140
606
432
512
844
270
593
985
899
600
492
224
319
340
991
521
404
871
804
676
751
360
278
840
5
537
163
616
771
600
973
923
420
231
100
103
775
179
645
509
858
500
74
465
573
297
631
773
671
574
405
1000
726
122
364
876
333
741
569
733
839
572
536
1000
672
696
662
357
867
629
342
860
203
492
443
688
103
208
16
602
536
630
833
908
759
23
827
663
23
468
188
727
850
120
663
629
590
642
189
299
585
747
685
365
351
919
131
223
243
456
249
799
190
138
355
59
37
579
402
359
217
561
70
803
299
883
19
999
332
953
194
576
645
130
443
615
859
29
243
598
361
918
798
85
483
96
280
600
765
772
599
173
704
490
528
284
744
898
132
756
874
295
764
804
527
194
48
381
655
268
355
914
821
348
61
908
116
185
197
804
751
349
852
250
63
646
485
21
723
938
84
582
104
488
401
372
527
8
394
900
30
258
950
559
553
893
980
516
736
403
583
794
463
876
597
51
222
591
215
799
587
933
213
668
316
560
640
18
292
553
89
735
921
222
782
540
323
893
337
103
674
801
171
695
576
818
659
657
63
822
166
576
297
441
846
696
88
664
929
796
788
562
799
261
330
686
416
142
338
91
598
430
309
910
427
809
182
413
341
744
968
453
414
391
796
139
310
748
412
968
332
391
870
186
909
95
702
648
84
643
493
554
733
764
670
342
739
284
111
926
378
622
263
725
68
562
395
434
665
166
937
492
11
570
731
267
670
490
883
890
888
371
844
350
727
151
58
98
293
519
413
684
261
172
432
622
564
963
172
652
145
949
60
533
247
211
510
108
477
85
258
261
960
423
833
960
246
333
218
809
661
313
666
105
299
841
865
133
711
313
739
177
140
673
502
244
999
384
54
770
407
181
666
498
700
884
951
761
170
645
57
571
949
256
689
687
387
885
67
304
487
342
179
569
104
943
280
951
569
471
987
726
268
165
258
136
531
4
532
547
964
537
100
601
400
642
636
502
940
993
720
749
539
83
1
83
405
747
591
157
592
766
535
518
620
501
604
57
656
948
414
278
750
360
854
533
307
556
339
642
275
404
32
956
699
420
432
829
250
698
964
731
51
497
513
670
492
104
889
799
593
620
640
325
965
349
210
885
441
686
357
839
910
874
627
538
746
746
947
414
549
948
627
886
315
197
960
672
909
215
271
11
853
661
599
705
309
144
650
604
14
624
116
721
495
197
827
47
47
690
196
756
306
497
953
339
240
291
503
711
534
360
968
51
219
831
693
314
647
130
178
527
713
107
268
24
351
951
697
39
950
930
248
109
982
798
386
513
309
239
620
844
605
108
541
337
185
266
679
285
927
105
700
965
113
872
756
104
368
67
878
586
95
772
772
523
56
295
531
303
157
778
606
807
565
102
392
390
56
219
290
208
947
873
144
775
153
134
53
545
505
587
404
822
875
678
884
856
181
801
288
621
582
859
198
477
33
669
96
477
854
967
562
642
796
792
310
488
236
459
624
596
858
17
500
30
874
132
959
108
474
579
132
489
561
139
359
485
763
750
155
441
846
224
581
70
267
821
27
487
407
318
481
368
54
752
142
747
26
967
53
695
656
965
814
624
548
139
528
966
698
119
638
391
868
484
124
704
487
992
603
226
250
913
357
707
504
244
49
258
35
375
625
752
113
498
686
704
593
857
590
43
446
735
699
566
335
633
829
358
262
156
673
219
676
296
126
740
352
226
304
235
559
900
665
163
321
874
245
473
233
423
482
559
616
221
459
693
611
559
93
310
65
696
126
773
637
110
589
633
462
944
981
975
243
924
840
480
942
321
767
218
396
749
32
349
737
858
926
161
850
867
94
806
622
882
656
868
345
760
498
156
431
983
683
205
456
635
313
245
778
630
961
648
744
513
712
58
873
103
378
630
332
910
932
670
364
785
634
561
322
345
581
226
222
515
856
460
91
325
134
424
478
68
402
691
405
494
145
774
955
64
997
506
870
601
512
794
494
954
358
251
885
253
655
848
535
800
997
465
299
711
935
783
268
812
400
28
53
339
508
362
138
109
896
514
484
548
954
709
445
934
247
586
377
872
401
878
884
308
582
931
165
302
830
782
663
221
261
992
341
826
626
531
300
671
814
144
508
677
283
479
233
889
749
727
976
291
394
846
505
877
41
302
315
414
933
350
824
622
309
84
767
201
27
188
969
878
96
832
348
552
158
590
359
656
991
940
350
144
663
832
37
598
177
657
396
565
244
572
571
440
280
108
499
871
575
735
404
111
580
563
146
789
575
303
594
157
935
348
17
99
506
178
469
994
149
803
53
326
741
540
538
851
272
120
621
617
987
821
400
835
416
975
873
208
67
119
113
259
676
734
574
525
587
395
319
482
969
644
151
22
805
316
127
209
734
111
640
449
959
158
447
474
431
2
896
929
670
325
759
622
454
67
814
359
245
460
806
101
365
655
343
81
943
483
823
333
556
285
788
758
896
343
373
966
197
808
475
704
218
679
352
76
291
362
122
117
296
173
538
474
702
21
184
30
109
801
911
681
967
852
0
785
279
738
593
982
243
999
210
48
301
518
541
273
277
949
8
562
854
27
316
789
714
898
269
283
616
329
174
253
611
241
475
983
994
838
348
256
952
322
19
851
654
152
794
138
680
912
430
526
136
927
251
255
720
446
709
802
885
737
936
120
601
285
991
246
338
169
332
476
45
864
720
273
535
43
688
504
211
578
434
741
434
735
86
887
134
628
869
155
559
885
216
460
301
637
674
129
966
752
467
375
500
197
919
462
603
673
260
11
57
258
0
961
519
850
391
912
403
949
161
677
501
830
448
346
232
882
64
299
96
245
153
729
704
285
60
700
441
83
866
836
987
279
481
950
399
413
763
1000
280
95
58
959
390
306
324
955
485
94
787
887
464
596
880
997
273
293
503
542
136
876
322
734
630
370
20
189
578
819
417
37
19
178
751
618
711
971
981
35
278
436
515
244
168
477
256
358
563
538
161
448
487
986
912
774
529
191
860
291
844
458
178
946
615
417
451
948
957
544
95
937
774
655
156
999
127
686
523
381
351
55
803
429
244
118
150
458
449
330
417
164
938
224
828
816
57
579
896
967
656
14
965
435
546
761
307
608
128
595
908
895
817
725
973
244
314
1
401
842
723
644
388
329
897
329
857
367
242
603
550
90
778
579
28
152
669
259
73
608
272
367
821
804
558
295
721
688
144
408
441
876
482
722
189
779
507
200
450
618
871
46
288
196
731
895
910
764
524
597
679
93
48
568
421
454
525
670
283
507
550
363
328
485
153
975
443
735
703
328
80
294
323
636
710
347
20
511
797
72
311
517
563
717
455
834
136
269
740
976
5
262
964
384
601
870
874
100
595
181
768
880
744
413
444
279
800
475
845
90
26
910
550
279
668
521
586
232
805
844
28
24
567
150
670
690
201
676
39
768
272
736
377
495
965
632
230
721
743
983
81
795
909
524
930
902
718
327
821
874
702
287
999
325
310
840
263
694
765
553
317
314
633
524
865
415
555
46
70
799
319
394
724
947
769
665
750
485
114
333
299
925
980
796
233
937
192
518
961
250
250
311
113
664
413
283
217
863
362
424
305
292
92
393
694
126
928
358
461
346
244
263
155
279
582
926
731
271
78
648
560
473
767
85
151
271
389
992
752
367
683
867
572
455
125
198
702
361
76
955
949
279
61
267
194
945
237
513
238
430
483
308
168
233
729
170
744
568
261
349
144
754
527
466
217
339
238
741
778
716
392
942
86
613
332
864
554
967
445
275
382
80
652
479
192
515
485
839
28
440
246
827
310
563
647
368
446
108
211
93
875
727
447
568
944
367
394
713
397
115
194
854
422
196
371
19
775
252
735
768
560
648
878
718
876
763
24
263
99
490
225
528
996
28
609
30
1000
769
94
686
668
698
856
689
974
547
503
66
362
411
238
468
329
824
125
305
284
177
370
836
975
45
551
731
250
258
847
298
878
190
530
245
530
151
54
891
900
579
943
506
775
669
974
847
200
827
350
410
310
71
37
856
5
815
587
575
306
130
318
754
771
482
173
809
211
919
487
719
796
9
780
816
348
128
913
825
696
860
108
477
934
318
61
244
440
23
963
690
591
543
358
196
155
828
141
258
587
92
977
106
579
112
678
724
154
1000
532
627
833
400
42
125
3
828
394
178
76
368
811
541
308
377
856
563
807
201
515
191
528
115
892
53
566
777
554
994
327
481
174
881
771
965
580
230
302
358
677
285
375
671
364
37
460
316
472
539
520
798
466
451
531
696
961
933
235
626
315
563
654
695
700
376
220
895
370
458
500
572
733
276
342
560
408
219
641
245
426
42
70
242
398
333
119
828
633
808
734
435
429
475
166
802
886
26
403
378
537
974
473
852
6
975
133
422
342
944
214
601
806
60
637
897
343
410
159
979
200
93
856
961
733
652
407
128
117
934
512
671
39
851
254
109
10
628
315
191
507
956
874
406
745
574
359
753
863
316
276
395
731
20
462
827
947
650
577
661
531
863
495
293
136
197
836
994
568
938
959
442
466
608
400
614
3
97
130
627
513
559
952
959
890
957
875
899
185
721
128
206
864
82
229
807
13
109
625
502
955
607
100
519
853
555
912
194
38
686
420
168
464
845
137
606
85
589
916
973
870
203
528
468
611
620
808
357
867
191
574
671
339
661
647
959
842
738
343
805
390
774
436
411
153
127
727
697
818
751
196
861
29
611
717
80
972
977
836
976
897
872
216
950
326
849
14
803
1
28
387
731
618
544
448
594
872
457
135
107
679
159
273
433
26
447
783
654
654
956
271
2
686
495
158
808
567
575
120
13
680
529
396
242
454
748
54
981
3
722
759
286
726
901
699
326
400
996
851
584
7
971
771
713
588
510
646
715
198
473
241
756
959
795
203
258
465
151
574
966
343
498
900
699
232
504
165
785
883
527
323
602
430
216
549
430
668
92
66
638
542
707
744
520
289
537
514
398
139
789
811
753
950
687
897
104
290
920
220
629
31
963
580
710
562
619
286
418
679
691
256
365
885
701
382
177
790
498
382
908
250
245
32
350
550
891
580
335
954
86
837
270
640
93
38
579
517
725
748
378
596
20
943
246
875
844
263
609
284
467
18
964
20
232
338
180
628
468
417
55
357
88
118
452
806
399
775
536
6
583
730
883
274
581
672
860
651
237
912
994
563
958
544
520
509
100
633
455
289
48
632
107
24
798
433
332
48
740
145
28
951
107
58
637
453
28
631
593
140
737
344
686
710
594
301
62
747
379
502
172
233
425
328
946
843
79
126
259
437
688
671
660
682
34
813
679
136
464
111
785
873
363
402
976
670
815
377
43
862
582
680
940
544
91
821
635
131
503
256
886
588
709
489
459
371
545
564
699
512
368
622
886
771
145
497
959
448
117
37
561
431
209
7
831
791
629
610
524
463
71
340
790
177
973
704
423
786
58
406
257
166
517
16
540
220
358
395
960
714
434
464
340
296
513
834
775
