200
550
10
280
853
89
831
787
219
171
197
224
874
951
28
857
20
649
360
894
418
208
681
381
341
15
406
31
446
375
287
765
899
364
288
714
293
318
749
925
108
848
894
304
865
440
847
99
601
680
94
432
116
440
124
702
682
712
168
277
575
246
326
789
333
801
558
411
236
696
416
236
922
759
558
862
568
69
994
40
746
894
960
915
706
739
802
12
536
122
508
392
897
556
718
364
104
635
900
902
61
433
346
490
702
19
484
189
228
968
268
409
317
761
623
229
62
929
828
863
978
914
316
816
130
363
134
742
939
538
756
537
510
323
770
362
888
694
128
63
617
285
558
811
84
0
791
412
249
595
73
564
37
301
986
873
69
872
712
362
683
897
705
850
635
812
626
643
114
764
328
556
917
827
696
560
47
857
365
192
564
9
625
350
655
24
481
552
507
503
310
270
667
91
197
849
550
211
607
51
957
