3200
37
368
966
18
335
737
191
320
131
238
166
596
822
973
190
438
256
42
235
354
288
165
921
346
467
2
136
669
368
590
537
984
368
460
891
892
386
664
602
487
172
277
957
237
169
440
578
189
804
282
190
535
57
768
255
451
67
124
350
348
242
903
212
623
59
597
638
769
731
420
651
485
424
613
12
922
303
460
267
37
835
132
966
439
929
175
522
727
185
52
870
879
714
795
381
428
98
799
685
260
94
88
911
737
559
306
159
114
896
717
996
286
940
204
757
693
777
220
836
821
151
65
783
129
392
436
448
16
25
238
993
673
48
15
937
516
255
791
12
841
619
273
650
890
711
84
656
651
720
666
20
488
348
758
509
286
267
158
24
983
174
689
80
868
382
829
803
294
760
416
203
929
708
829
636
137
531
88
699
681
102
590
214
303
804
646
728
64
289
148
64
698
784
174
644
850
617
408
400
408
660
320
525
278
118
333
934
421
240
541
573
7
627
243
177
645
224
697
371
756
597
185
883
141
525
713
588
866
23
500
709
655
567
787
810
161
505
590
555
609
195
80
463
830
46
273
333
700
905
221
58
264
61
524
323
237
927
364
481
935
616
985
334
694
133
614
159
78
451
660
380
250
564
275
503
57
675
874
218
78
495
437
955
541
493
716
592
513
1
613
398
755
807
895
528
142
439
49
764
577
273
482
658
901
1000
668
13
409
649
728
43
471
13
206
859
947
309
981
361
570
343
173
1000
937
723
901
289
507
56
929
808
22
654
975
125
143
282
944
79
838
571
20
142
795
670
532
768
309
285
333
357
417
601
259
706
932
923
264
314
669
281
211
965
164
903
447
428
484
246
224
388
801
958
940
634
184
737
230
544
360
153
893
320
486
847
830
725
373
261
271
862
476
655
794
317
892
945
729
70
808
784
947
52
781
433
256
410
678
784
228
51
452
582
596
714
326
290
777
588
277
238
864
911
898
307
733
323
156
37
926
926
919
178
975
182
249
27
106
599
156
749
822
321
483
86
753
483
776
842
575
293
365
793
763
127
702
803
542
390
894
348
793
142
411
630
664
660
87
304
447
346
348
879
442
690
861
276
2
322
753
232
148
156
456
205
152
416
750
800
114
651
240
842
296
629
732
333
132
77
375
760
110
375
372
170
493
111
612
787
355
78
597
581
129
866
475
316
808
830
81
104
76
862
59
158
61
619
798
971
290
919
566
373
853
374
818
165
867
718
194
471
157
354
998
100
423
680
265
675
288
817
536
317
503
16
724
845
885
282
406
93
11
608
82
410
248
373
884
645
617
670
868
994
771
652
578
494
222
899
690
284
188
696
198
449
128
200
168
633
267
373
701
563
56
510
350
658
687
752
143
370
855
7
516
349
697
749
498
1000
636
920
348
367
175
243
707
892
487
618
872
902
918
629
461
830
860
549
246
888
684
589
398
915
296
690
470
809
569
621
915
196
650
979
886
345
841
313
23
361
234
539
35
436
37
856
766
230
746
529
342
851
949
470
476
712
917
245
613
913
745
783
54
6
439
735
587
825
423
573
855
697
357
443
465
895
790
631
348
405
20
8
563
770
269
497
371
806
60
445
662
556
706
538
467
168
28
800
714
19
66
981
565
819
652
564
604
634
324
492
67
718
497
749
215
580
452
97
362
34
14
317
85
152
90
177
790
314
497
560
793
474
535
891
479
771
165
485
225
220
746
976
425
513
871
378
36
897
64
305
459
246
178
360
925
547
768
661
692
424
471
25
404
895
960
599
676
488
499
563
585
905
5
485
70
672
839
479
275
814
188
246
141
268
346
743
225
807
545
656
314
730
12
208
992
411
788
316
51
431
700
151
797
64
911
19
378
871
140
486
468
891
185
304
909
495
281
85
746
956
610
653
194
926
982
478
413
793
713
502
248
598
893
77
763
911
751
895
805
1000
652
920
935
375
590
726
195
993
516
773
986
465
705
86
637
453
335
201
23
723
149
532
62
952
303
585
86
395
635
868
1
280
811
142
689
806
718
160
192
474
673
787
539
113
241
245
32
33
109
637
293
999
878
179
165
25
835
374
484
770
503
298
813
350
437
49
881
16
758
481
527
83
710
353
657
577
41
590
615
477
394
249
221
740
905
371
219
26
850
231
697
473
190
504
156
975
142
406
267
646
957
839
2
74
626
955
78
615
372
255
649
530
686
240
22
160
967
856
929
814
294
342
598
36
911
870
715
578
69
593
168
737
324
470
488
382
140
330
742
948
626
556
245
940
523
913
412
345
828
575
188
992
38
618
176
317
593
183
955
798
658
401
994
62
958
905
46
218
960
276
27
793
946
535
835
447
927
193
865
704
829
138
733
170
321
679
641
267
760
567
717
638
611
204
941
519
716
704
979
539
849
881
423
938
812
547
456
996
92
899
798
536
384
979
870
462
228
905
710
240
532
66
42
829
47
596
297
944
589
859
524
323
979
250
418
666
928
718
455
32
744
329
556
392
718
430
344
638
43
691
328
188
229
572
333
757
410
173
740
905
898
234
81
614
473
836
898
376
894
714
289
389
49
673
504
733
359
935
847
148
856
387
601
327
470
811
54
46
91
753
383
69
466
689
957
700
395
823
606
508
293
915
718
134
849
105
858
725
424
851
318
742
927
907
964
289
220
628
606
160
40
653
844
656
899
848
869
585
528
421
833
687
571
915
766
712
347
516
128
575
188
707
953
848
324
844
58
240
937
6
397
154
25
795
140
231
299
903
788
31
771
883
587
989
599
123
168
441
195
416
633
263
134
100
214
899
329
119
5
46
740
888
359
60
121
129
998
632
52
331
947
69
908
220
146
300
722
290
820
389
381
393
876
180
602
716
303
709
685
685
700
890
89
607
364
812
422
758
132
639
569
49
361
232
710
531
973
104
866
418
313
341
218
255
331
881
433
959
658
512
699
701
204
938
224
904
626
357
954
797
47
876
987
432
710
871
51
708
370
762
697
800
744
701
729
956
380
341
835
40
230
989
889
506
936
356
294
284
692
367
145
274
603
471
261
533
451
788
400
635
310
735
377
954
759
169
201
727
910
722
416
914
323
611
58
561
900
371
140
41
125
52
226
355
551
66
455
648
506
364
373
479
557
619
145
648
54
446
999
891
244
965
5
32
154
146
788
637
765
706
879
898
629
596
880
555
908
736
585
341
475
472
887
579
405
316
489
248
517
35
423
898
713
322
818
218
453
144
844
238
870
896
205
980
660
733
189
674
192
991
901
454
565
663
368
422
325
91
130
531
484
147
192
925
154
372
6
657
780
973
451
486
721
483
580
326
958
466
850
89
531
665
17
416
24
348
233
510
950
97
315
902
899
593
372
307
885
874
53
948
187
179
743
404
65
181
195
968
918
777
928
840
168
611
161
461
819
454
616
949
923
906
873
959
621
496
908
974
150
6
254
659
620
511
552
576
983
600
839
411
373
221
45
647
540
590
104
790
287
781
911
955
638
374
794
472
450
318
124
627
788
415
862
585
929
226
727
212
543
253
858
319
711
224
501
762
93
612
956
760
632
402
626
410
344
224
93
555
923
779
19
701
609
811
791
973
165
904
835
829
416
617
789
973
885
707
30
356
740
912
134
24
426
463
620
220
357
314
219
181
458
955
983
497
995
278
640
423
737
288
774
483
129
521
299
760
514
236
112
408
553
777
48
451
828
67
622
981
885
38
190
518
616
804
841
416
433
402
983
909
489
640
353
885
87
175
403
848
590
822
417
93
217
548
543
377
817
112
145
978
66
391
29
388
626
806
591
715
234
14
774
267
362
962
462
961
696
848
143
442
380
783
878
762
586
237
429
895
177
826
22
474
908
80
434
152
172
275
384
529
378
543
41
527
451
831
775
996
394
621
359
140
981
394
833
516
587
384
850
396
842
849
109
351
750
439
549
419
982
352
641
395
25
492
424
719
81
899
105
209
706
164
339
726
906
72
157
641
89
247
360
478
329
657
115
282
199
443
750
752
618
742
623
257
550
853
864
365
859
366
17
378
647
589
760
703
175
87
210
131
524
227
330
865
830
688
531
521
479
206
875
513
987
587
164
455
720
488
420
243
585
443
506
418
948
45
66
591
486
883
197
458
385
269
406
996
900
908
556
317
646
88
264
961
313
258
279
320
480
838
899
572
125
28
287
45
559
498
21
531
865
481
925
537
921
635
996
210
93
550
321
707
876
323
784
234
558
398
899
499
409
781
865
801
793
559
238
313
878
827
202
981
595
324
109
109
991
561
427
465
485
442
46
784
505
154
760
133
674
641
666
197
93
884
785
786
7
339
585
936
600
923
236
548
946
969
734
755
61
743
499
746
73
995
193
3
829
85
663
240
969
667
238
842
301
437
683
19
199
835
57
995
433
980
791
28
464
561
686
345
312
15
371
671
12
124
253
888
25
296
219
761
570
199
921
157
11
486
599
692
180
556
192
529
247
117
471
123
252
301
547
858
971
395
372
248
922
94
497
931
79
999
168
392
310
677
33
733
13
717
375
733
685
887
461
157
975
979
514
653
657
103
23
472
110
859
114
456
234
966
801
187
873
178
788
235
340
364
233
762
119
623
537
857
199
605
446
215
810
723
541
255
195
920
54
594
779
30
285
333
510
230
468
964
17
621
992
811
840
654
598
821
385
553
546
90
902
369
183
269
120
753
641
24
334
723
58
468
128
4
141
812
772
189
400
446
746
744
659
248
529
652
913
386
693
582
172
685
558
74
963
214
538
814
862
999
949
967
772
77
960
580
142
127
883
111
198
780
823
954
104
936
6
414
317
396
852
666
73
699
861
186
535
273
461
876
509
593
982
121
827
61
237
971
234
573
888
186
59
651
643
749
259
495
360
262
181
199
478
175
14
75
729
832
163
345
570
43
26
717
709
935
595
738
329
695
641
410
326
529
315
843
730
608
527
964
803
941
470
494
329
242
440
920
91
356
864
713
122
469
692
352
572
484
828
427
642
295
867
203
425
214
405
28
884
59
805
746
114
94
776
725
556
362
295
164
778
967
999
370
269
1000
926
742
472
28
315
556
565
246
616
645
613
788
178
345
943
402
897
347
60
412
112
521
760
738
568
977
990
73
941
557
597
532
446
907
63
552
650
290
783
61
767
47
552
756
496
277
504
526
7
898
526
839
628
638
235
801
311
481
879
5
726
646
704
92
432
941
637
452
61
687
283
331
603
418
1000
970
895
602
449
366
591
351
262
626
619
717
562
458
459
765
15
301
491
98
956
785
658
595
25
204
883
681
70
146
868
402
995
120
236
834
373
540
19
453
729
17
749
978
81
168
1000
301
607
485
649
361
849
929
217
173
375
193
128
185
664
826
576
736
57
797
232
937
114
789
672
340
275
47
691
374
747
864
47
298
240
321
89
504
700
86
332
341
241
434
778
919
220
361
213
445
975
46
521
586
795
19
326
663
658
503
534
784
589
9
85
335
817
682
632
937
504
203
800
508
978
449
78
532
864
80
561
42
411
205
463
463
245
961
766
507
707
366
414
293
652
721
2
533
601
403
526
693
60
519
688
519
582
570
24
504
236
769
966
800
390
80
929
331
731
570
119
134
199
556
734
962
931
121
358
471
338
946
822
107
13
339
211
357
792
570
110
489
580
544
745
792
297
690
460
578
230
380
637
134
383
551
458
354
527
226
650
260
263
720
475
460
389
247
111
275
360
261
707
359
661
317
844
828
936
510
672
368
903
366
501
718
104
232
110
735
104
955
86
478
401
85
586
478
581
91
270
711
395
408
57
561
14
297
507
473
573
773
779
987
971
389
447
234
611
807
799
620
931
857
776
180
780
120
323
750
15
600
343
82
345
633
645
550
604
185
455
923
137
802
820
139
289
706
855
867
690
296
532
809
604
252
848
545
671
270
352
305
417
224
589
147
543
341
851
706
103
22
989
22
510
301
552
785
379
418
538
557
793
742
864
864
595
567
127
433
534
881
340
689
533
278
560
311
306
845
282
710
890
245
580
810
405
912
612
134
900
301
676
673
965
245
49
919
691
585
497
815
165
130
906
228
122
893
451
201
485
658
986
590
136
909
76
775
560
971
23
396
996
372
598
662
782
446
572
425
373
250
330
869
804
170
839
481
43
204
975
973
259
11
386
932
825
507
876
309
855
27
379
575
38
126
640
998
685
120
272
748
778
91
55
370
609
463
972
453
95
37
44
536
487
41
838
633
958
718
89
760
648
666
31
142
590
912
397
337
775
128
145
264
575
407
440
505
522
332
493
37
315
577
742
934
291
831
46
345
451
356
136
255
102
541
321
611
587
515
200
906
221
263
653
374
417
643
46
160
368
423
965
745
945
705
95
980
108
708
671
571
28
483
596
532
10
904
389
928
593
558
575
669
624
204
492
810
699
314
768
421
937
20
306
807
370
37
494
883
427
454
883
533
929
824
265
988
846
294
468
885
299
213
833
128
620
574
969
52
236
309
347
875
496
507
904
243
902
329
839
533
204
68
925
390
999
826
403
43
122
374
702
756
509
160
420
782
326
646
586
933
702
793
174
41
225
859
733
930
415
379
31
226
334
226
285
954
709
325
502
567
161
696
966
954
826
299
514
322
978
250
441
579
114
632
758
404
255
816
523
460
610
400
624
376
931
903
297
661
412
461
915
433
800
816
701
612
549
172
328
422
895
502
675
817
639
128
916
185
595
426
440
654
923
834
144
117
662
845
880
171
932
340
494
69
462
39
615
506
449
708
949
695
175
175
763
688
694
670
70
382
846
148
63
163
48
627
205
987
653
790
117
317
583
735
231
411
258
951
947
119
810
88
957
88
200
226
811
952
579
885
857
947
142
590
109
837
942
150
425
645
600
111
372
741
769
72
361
899
5
74
773
294
237
519
795
49
878
23
461
983
336
220
58
676
634
26
167
840
721
454
449
377
64
713
572
465
406
467
997
73
668
365
482
639
639
403
668
419
637
805
22
703
665
439
778
488
466
94
403
127
702
919
138
306
322
515
18
735
168
943
78
923
508
821
432
528
501
99
326
793
510
34
725
363
278
616
329
821
146
450
765
694
677
502
723
693
508
193
987
272
177
663
944
450
779
482
346
571
785
970
2
938
143
348
848
789
653
440
979
939
567
506
45
341
736
930
249
951
542
598
581
653
940
970
825
345
256
883
775
587
57
525
927
517
635
285
7
377
388
309
925
819
915
835
272
293
336
0
745
64
882
489
844
500
272
965
891
723
677
882
44
577
543
53
310
15
197
