12800
983
778
300
871
361
273
293
396
140
764
563
446
728
215
559
358
498
940
745
936
423
76
825
889
684
923
380
856
320
555
816
821
230
714
85
815
112
158
810
703
174
314
657
584
18
464
602
553
530
17
401
307
454
830
458
580
751
51
126
661
232
78
579
212
92
710
279
744
394
994
808
113
251
420
417
141
558
885
803
117
460
456
161
508
599
428
139
267
671
904
383
60
949
588
859
180
916
562
751
496
897
618
387
107
319
651
342
445
643
183
482
964
872
230
158
383
811
283
568
48
244
249
276
445
394
433
759
438
361
22
983
992
941
2
322
550
552
414
968
600
132
552
11
650
935
111
158
14
629
851
649
55
706
427
633
963
436
649
249
817
138
945
830
899
661
985
422
660
273
206
156
455
394
672
995
972
559
138
975
710
304
698
907
290
819
402
181
906
734
440
478
999
464
16
475
353
865
208
468
147
219
748
795
122
65
353
358
928
943
869
702
933
898
941
787
393
226
970
920
140
279
828
734
917
678
378
387
399
830
318
456
755
44
78
759
537
978
896
446
218
519
641
564
120
774
309
166
556
22
261
784
456
730
638
853
717
544
896
783
902
340
466
156
139
929
185
274
195
851
306
652
761
617
474
944
151
39
772
821
580
950
611
321
971
128
186
10
532
721
307
813
916
447
388
637
525
180
114
197
69
472
550
152
45
451
214
398
914
743
993
884
901
40
717
494
715
927
252
971
603
714
451
513
921
651
520
552
107
822
125
5
52
573
528
477
567
185
933
29
184
290
348
765
417
242
395
99
304
670
79
224
686
494
872
948
970
918
915
808
881
776
615
991
648
287
212
591
919
886
194
921
76
835
520
328
872
809
642
906
309
767
276
412
612
153
469
432
4
541
359
787
626
463
831
454
973
914
125
102
394
391
574
861
926
39
866
392
45
197
777
600
492
463
761
721
320
248
742
445
838
411
249
67
204
474
69
822
48
436
740
157
107
109
746
375
562
424
928
31
506
31
707
50
774
790
847
307
653
667
996
463
745
565
60
933
970
573
426
659
326
190
539
401
318
347
296
717
826
250
878
764
690
950
445
464
257
197
960
222
567
907
490
354
254
331
301
21
737
796
675
957
205
754
129
779
194
608
586
121
758
516
906
430
330
214
552
21
883
894
268
468
871
301
313
413
870
838
349
299
785
327
621
750
936
304
904
95
430
109
559
268
260
509
995
251
737
534
701
24
824
543
126
336
32
966
811
561
916
834
365
176
565
343
996
191
142
309
65
337
136
309
0
551
341
727
899
463
859
428
956
549
292
913
494
726
644
844
745
364
36
589
336
203
249
667
916
335
850
975
573
318
854
267
852
36
615
759
280
415
871
377
491
134
513
432
737
479
696
443
995
68
175
924
621
942
503
493
650
512
652
510
819
110
380
490
187
710
395
660
16
292
285
67
828
702
24
980
259
888
490
563
366
591
425
402
873
234
283
219
455
108
416
790
748
575
521
142
309
768
535
892
911
331
69
562
128
231
608
654
900
95
697
920
120
993
613
414
315
773
868
988
607
650
189
603
508
46
830
741
93
483
444
663
977
798
30
486
367
80
454
245
989
608
715
170
438
771
31
412
634
77
793
957
30
525
712
56
805
38
478
128
926
640
880
993
420
215
257
190
636
946
580
954
144
209
55
574
121
636
53
836
871
332
180
981
184
858
300
860
698
119
194
153
135
721
167
878
581
283
322
397
952
771
959
479
118
607
770
292
665
227
447
37
678
975
295
625
581
181
96
807
320
993
224
120
241
892
602
157
925
856
636
930
889
696
613
409
874
742
880
868
624
252
685
603
23
853
550
295
275
91
748
197
977
947
138
780
103
125
516
222
871
855
625
92
107
421
994
260
110
743
165
540
871
690
603
570
829
706
725
222
654
103
595
777
824
145
105
174
805
781
553
20
766
524
462
967
934
102
514
480
769
938
209
875
276
299
698
92
31
280
68
421
147
702
686
841
585
838
123
940
405
192
589
934
429
754
167
502
515
399
700
885
0
904
327
348
495
260
540
520
823
824
903
512
350
21
881
803
822
969
740
306
48
283
411
356
615
627
915
892
756
124
114
845
521
533
622
265
219
361
700
294
977
456
244
791
120
588
634
3
482
284
756
561
43
165
525
901
75
268
179
101
417
576
77
60
71
200
942
37
207
937
386
953
73
677
953
179
466
778
571
589
163
406
779
413
875
856
226
950
575
364
479
358
544
845
452
771
455
524
776
355
845
14
260
83
249
756
543
249
693
484
138
555
983
880
149
659
791
568
502
266
75
340
569
620
558
151
306
218
559
926
381
335
224
618
920
642
692
665
703
773
341
255
799
636
431
205
394
557
207
949
279
270
126
845
147
653
217
610
107
214
234
885
838
575
878
463
405
733
474
771
688
498
333
648
824
438
472
419
515
670
999
708
652
258
665
75
120
254
199
458
112
804
89
272
286
721
208
446
196
474
615
262
581
913
165
335
887
866
337
228
11
123
426
934
115
336
970
118
992
495
418
641
332
858
969
647
112
220
631
576
396
729
456
347
703
793
798
498
43
375
495
45
513
295
331
915
679
318
767
975
711
540
401
343
460
814
741
206
671
296
141
734
448
932
53
282
510
326
137
506
33
658
888
833
181
88
179
214
767
853
104
903
167
91
496
353
963
560
922
617
592
354
923
936
982
760
6
293
354
849
20
605
458
836
131
243
876
512
603
860
560
540
347
690
792
919
677
781
61
656
163
43
287
32
411
226
321
735
8
347
449
14
745
604
751
323
325
817
409
125
371
799
191
804
856
411
100
861
25
679
438
253
615
632
218
40
10
227
593
450
522
342
790
317
201
477
346
924
957
451
126
657
334
557
535
681
712
325
237
915
811
966
879
201
144
775
297
574
848
462
246
597
473
334
101
976
884
110
434
980
986
840
25
915
381
701
805
533
578
712
730
425
224
360
117
645
163
31
339
387
562
454
961
526
407
413
405
509
106
446
740
773
177
966
490
785
922
769
535
875
390
673
559
312
625
809
95
314
133
242
826
716
110
807
658
186
869
650
894
9
261
859
663
969
991
258
813
403
829
508
975
849
550
206
794
698
5
56
569
957
209
871
645
62
432
936
254
582
691
653
438
510
563
821
300
701
377
111
377
156
81
468
127
769
447
459
831
223
685
955
44
463
236
414
345
132
107
413
897
467
213
588
251
197
480
811
171
606
8
65
108
728
791
930
311
357
993
938
783
704
815
628
105
521
100
26
601
233
787
785
482
590
124
287
967
500
118
61
695
986
516
157
159
149
862
968
725
916
285
545
546
87
604
295
173
8
550
287
521
985
198
731
436
826
25
79
340
343
525
372
725
721
811
490
560
398
100
658
32
820
662
846
825
845
595
970
949
256
417
899
0
655
437
788
971
697
939
196
881
832
82
522
119
728
584
894
397
665
822
94
781
963
205
281
379
8
386
26
378
815
910
960
53
304
895
511
36
571
95
586
142
0
692
482
567
192
214
798
51
21
617
41
616
405
317
460
824
546
798
352
747
914
768
305
573
815
247
837
316
103
135
9
777
154
601
616
545
498
544
367
193
442
696
302
449
115
804
886
420
429
876
942
927
90
572
75
111
41
846
235
974
604
568
936
29
474
981
940
721
424
557
923
153
407
327
528
479
409
919
459
25
327
597
729
785
515
338
855
138
395
851
228
912
803
103
3
964
76
423
841
331
550
715
841
366
141
200
830
821
996
242
753
293
422
750
483
439
732
544
483
655
604
81
998
441
906
669
501
50
15
210
564
876
333
769
783
806
315
320
270
499
10
791
230
421
938
103
553
917
584
336
297
634
98
363
294
36
288
138
104
452
694
365
248
88
197
291
759
517
938
945
651
204
2
397
677
336
598
609
803
831
779
486
257
149
775
811
927
672
969
157
535
176
924
827
839
818
562
1000
640
442
589
290
88
715
660
820
366
216
711
316
343
652
252
386
893
588
924
801
866
10
135
853
560
503
686
124
484
756
523
877
638
835
556
941
451
45
839
357
939
106
890
580
738
590
589
983
551
277
767
458
13
938
228
326
901
820
878
992
890
6
652
831
546
363
679
785
677
420
705
241
607
612
221
904
730
472
41
508
285
924
996
742
353
383
378
449
478
464
408
580
813
634
732
953
408
956
302
959
855
693
660
850
405
307
996
141
122
295
806
753
423
140
341
26
346
463
917
321
643
300
344
493
874
684
939
512
720
916
411
64
466
591
611
549
219
363
756
625
833
281
575
853
187
421
253
546
774
183
350
166
240
217
376
138
169
822
800
822
346
559
651
627
688
210
257
260
819
122
944
26
182
325
843
143
791
735
891
486
953
606
686
224
260
709
616
366
386
281
792
768
709
948
259
370
691
861
922
111
145
610
284
974
19
352
378
274
725
977
951
126
741
414
489
772
787
350
746
617
825
657
803
687
818
249
52
906
506
414
790
129
897
86
376
293
583
497
308
533
433
312
455
391
600
237
590
687
978
904
764
581
564
699
887
813
245
11
586
268
106
164
337
683
233
213
498
137
171
752
252
723
381
717
991
647
67
314
237
970
437
835
777
884
938
357
660
940
951
114
698
875
135
659
329
72
923
519
612
278
873
736
204
174
825
856
370
133
160
756
36
569
455
983
86
330
141
578
247
411
445
172
151
122
134
580
438
908
608
694
248
423
165
733
125
743
541
926
652
526
815
146
92
883
827
583
872
133
160
5
163
757
736
344
172
612
97
756
416
581
564
577
162
125
399
401
305
534
12
876
391
824
87
338
669
265
503
333
141
305
557
853
77
941
711
541
141
357
308
617
127
864
319
843
993
191
868
647
689
364
189
866
306
639
589
578
411
700
63
613
15
855
169
463
883
329
161
639
808
265
74
648
963
165
940
884
169
341
884
4
709
248
13
885
869
345
639
427
878
986
17
332
306
585
640
798
733
294
672
934
895
628
178
980
412
318
571
353
911
406
1
430
438
592
593
544
317
541
948
517
47
243
197
837
488
197
309
317
766
101
879
563
594
461
659
387
874
758
974
625
342
85
268
761
2
381
928
741
743
886
546
923
265
643
548
891
438
781
928
706
326
893
502
145
36
705
49
536
710
730
744
786
514
650
666
827
387
447
94
357
579
230
63
755
978
915
729
268
289
616
514
940
731
50
560
460
589
137
846
965
624
754
751
179
161
63
949
9
17
449
552
146
841
546
755
25
734
461
138
260
831
800
273
949
199
666
445
862
945
159
107
218
759
212
749
822
807
526
358
640
263
831
302
168
108
712
123
860
517
882
781
830
592
877
546
845
907
966
722
653
166
1
108
318
205
154
500
697
890
578
243
860
356
599
633
167
31
123
918
979
180
478
736
329
98
701
276
1000
899
562
424
431
85
817
235
484
741
195
712
304
189
410
653
505
216
241
500
810
637
248
983
99
994
989
653
37
751
971
697
567
835
193
515
897
54
987
82
149
189
236
181
848
546
956
55
847
320
15
53
643
675
636
783
64
712
357
527
517
76
446
436
270
134
407
193
732
793
37
605
189
502
918
862
522
119
567
392
512
661
112
145
685
201
471
825
125
133
698
258
415
669
831
421
388
534
773
652
840
739
376
915
130
284
485
205
957
106
67
113
898
401
647
710
956
733
702
180
485
322
766
885
176
735
298
535
335
96
141
138
206
249
85
686
16
244
752
691
700
43
516
599
938
328
387
874
791
934
891
232
464
45
333
871
433
242
360
596
459
404
73
186
830
447
630
477
744
220
673
613
286
799
263
744
521
129
509
471
304
760
173
834
863
471
320
228
44
65
166
957
248
58
363
219
996
942
941
64
888
583
942
690
638
260
158
764
110
678
597
778
24
155
724
570
320
481
810
342
211
850
980
322
800
664
345
602
264
753
963
120
335
172
928
581
262
40
298
508
888
255
807
322
216
203
633
908
885
694
98
48
515
166
957
486
946
618
920
55
212
194
107
63
732
706
944
191
642
446
38
618
100
60
217
725
186
861
106
102
971
208
412
625
159
180
693
319
434
355
195
14
960
591
168
439
430
500
210
839
797
644
471
86
385
880
271
782
928
614
589
158
746
635
411
848
242
530
400
350
458
55
540
334
984
587
272
603
613
74
54
423
133
279
318
106
119
436
754
857
414
979
441
590
868
370
906
674
239
32
891
511
928
621
476
423
928
389
823
142
832
155
624
308
72
806
715
612
901
858
417
571
254
433
556
319
790
635
820
821
722
261
464
551
816
171
765
683
241
572
109
713
542
841
951
625
33
368
356
41
19
816
911
222
720
65
854
626
422
401
713
207
945
402
16
956
380
298
420
159
622
460
113
154
31
869
485
117
208
464
832
90
492
406
743
921
256
866
240
761
869
243
625
25
204
56
373
421
186
971
863
756
599
102
560
452
556
365
302
855
507
941
584
930
816
165
288
848
383
211
527
723
932
866
839
249
754
390
735
657
195
214
157
415
175
42
715
519
147
260
219
37
903
166
223
125
200
485
969
253
717
456
754
700
108
759
504
86
362
534
373
465
479
836
766
584
841
890
23
462
516
551
878
450
555
582
604
158
449
889
666
952
921
288
300
407
520
893
297
176
557
643
85
889
684
506
982
663
573
267
651
766
93
52
164
810
766
521
716
462
785
974
315
278
353
322
163
344
805
568
232
35
257
464
702
623
666
844
665
196
663
101
358
746
924
361
15
77
747
307
869
396
379
968
214
365
73
263
311
117
646
632
538
143
800
218
871
220
105
495
239
536
102
912
759
68
465
300
162
675
552
305
286
436
189
709
309
713
236
395
516
299
244
166
445
238
218
785
406
333
739
870
386
631
886
353
327
617
664
261
889
660
276
127
211
744
87
504
610
98
558
436
118
854
602
157
749
745
284
892
913
742
557
129
373
838
726
627
106
830
192
333
505
874
49
165
436
393
166
638
60
807
622
781
475
872
566
641
286
98
793
873
485
228
203
409
445
977
277
291
577
406
325
537
226
254
133
55
148
904
637
535
535
510
336
39
866
5
492
825
144
196
211
5
47
409
266
770
64
958
429
768
735
118
707
790
583
259
76
86
771
111
988
646
793
184
699
290
355
718
466
815
379
241
744
671
623
244
484
31
832
716
726
794
795
426
385
688
917
636
788
286
143
633
842
973
399
791
703
703
913
810
372
681
389
558
687
622
786
599
681
253
330
926
356
861
78
739
952
647
878
415
710
316
66
22
259
121
639
691
558
508
461
294
878
681
48
831
933
23
813
462
995
216
555
916
105
390
135
787
800
355
26
12
278
599
964
884
680
289
420
498
972
450
365
374
865
201
936
142
949
697
939
283
954
475
129
837
603
361
366
549
430
262
350
242
871
127
358
833
169
586
891
928
146
554
171
124
490
962
543
1000
805
508
824
474
237
455
1
472
656
500
747
482
492
463
586
296
856
235
484
187
662
381
183
828
746
418
273
885
879
597
587
779
120
761
347
943
634
609
382
632
835
50
219
445
159
150
928
78
613
883
185
877
862
682
844
961
784
399
37
567
536
939
286
666
616
23
694
307
106
116
664
810
604
785
488
786
74
531
986
704
439
12
280
506
648
138
49
875
19
88
217
707
772
633
497
409
549
432
594
53
315
808
521
894
705
327
533
425
399
645
597
597
862
633
929
924
472
863
972
274
64
31
495
898
700
534
640
260
387
890
408
583
65
703
933
498
948
978
53
109
569
368
258
941
702
261
307
995
526
161
837
218
111
207
883
813
748
978
890
976
98
97
436
592
736
65
91
19
69
670
403
750
812
633
879
693
986
139
10
910
484
53
137
731
439
385
609
396
823
563
255
60
490
45
503
525
230
233
154
642
519
990
498
3
733
478
128
676
644
691
694
904
21
844
937
774
479
40
121
963
474
941
144
432
862
266
7
449
885
723
551
479
926
542
981
998
860
96
888
787
491
680
605
134
858
598
728
415
415
662
63
772
798
127
219
485
328
535
634
570
119
800
557
559
670
98
248
308
161
810
649
666
503
383
0
194
984
970
170
790
152
197
872
760
501
15
596
862
976
352
861
668
780
794
13
989
463
231
943
402
2
783
992
673
388
976
924
838
315
545
24
345
474
152
847
574
340
236
761
156
737
692
418
41
22
615
551
976
983
305
942
936
423
920
609
581
320
434
711
759
762
81
802
920
865
937
566
70
659
940
977
709
393
288
997
496
704
148
802
969
22
668
954
700
172
6
309
669
829
800
617
321
784
211
128
839
458
491
751
331
380
18
687
541
613
111
302
455
301
266
672
283
593
333
8
652
728
818
773
934
884
892
748
640
186
317
684
786
721
625
404
504
28
30
580
251
715
386
130
587
170
191
204
561
916
345
287
569
308
758
386
82
707
219
565
294
677
520
17
196
244
326
724
402
987
241
483
148
91
886
660
500
232
551
319
158
205
669
493
885
167
965
57
202
231
214
649
44
951
965
384
858
589
250
79
865
873
744
63
170
839
773
92
885
704
831
551
719
520
834
72
69
69
150
947
257
816
788
876
93
479
415
114
580
501
551
235
884
609
314
277
821
639
155
335
79
36
288
48
415
608
791
598
336
349
641
219
397
500
660
578
563
126
964
194
934
806
753
115
877
887
424
306
758
553
412
7
574
398
362
705
692
494
292
276
289
101
541
10
524
961
222
216
724
545
412
740
401
645
684
900
972
65
226
120
671
434
226
308
317
4
943
784
950
356
673
951
514
496
212
526
209
308
865
14
783
828
591
808
384
410
132
578
415
417
474
172
755
408
832
523
748
177
468
432
935
830
865
572
104
796
966
685
143
228
501
872
176
717
960
90
597
377
531
624
629
76
735
987
730
170
800
848
178
450
116
108
485
669
673
682
820
281
796
336
813
268
189
451
995
8
779
121
419
88
59
812
490
368
82
726
240
968
457
297
626
376
335
628
841
147
457
996
383
94
441
745
22
213
788
304
187
147
862
116
643
788
729
367
819
172
468
465
983
299
994
27
250
909
644
870
941
997
161
622
972
638
602
925
362
262
314
104
832
132
544
690
915
171
770
69
205
356
100
477
221
977
377
905
472
635
473
516
143
196
180
135
241
207
229
905
603
478
485
397
248
790
556
621
285
602
411
474
98
768
284
269
772
838
941
84
740
288
898
241
625
803
551
507
78
387
148
956
229
671
930
45
886
687
207
163
520
265
911
919
667
788
925
489
877
90
148
113
189
645
881
24
144
714
330
407
632
218
625
395
383
867
837
147
232
539
455
939
664
301
538
221
670
369
242
871
847
679
633
565
765
520
234
35
206
459
453
489
287
671
778
703
993
306
498
986
102
781
642
208
929
258
879
295
586
796
482
827
154
473
698
588
93
221
17
942
640
711
465
397
379
790
851
984
334
161
570
748
100
965
964
249
961
983
657
79
191
149
635
865
681
935
523
367
906
273
903
228
869
567
87
462
423
502
180
24
375
661
92
243
747
170
359
800
906
409
669
675
675
891
354
855
956
431
942
603
81
853
495
269
209
446
806
874
80
88
869
69
916
780
906
356
268
540
789
35
854
808
792
934
118
767
121
65
252
427
193
816
711
543
652
625
572
293
883
56
493
956
20
136
827
137
441
640
968
545
48
656
547
491
900
543
273
602
924
848
683
860
144
864
26
866
124
270
457
288
455
494
332
749
75
158
195
627
714
484
224
702
786
165
345
229
46
217
770
329
236
391
119
719
909
269
769
366
709
75
670
182
540
75
81
585
767
166
338
881
808
658
924
375
405
132
376
162
138
834
569
664
908
295
928
390
145
112
417
24
310
545
651
90
880
282
730
123
287
509
101
510
372
324
671
992
780
532
55
282
320
898
519
50
320
156
406
700
556
187
848
342
799
258
597
701
614
65
12
67
517
652
54
212
7
533
736
719
569
859
615
185
307
22
397
612
776
83
320
714
134
77
130
261
674
125
188
25
13
867
678
95
831
333
859
578
99
274
885
927
444
97
255
435
563
890
617
158
595
399
463
590
303
390
345
701
353
946
535
105
353
191
853
279
459
562
118
653
638
872
288
44
858
208
379
979
464
852
493
924
168
906
564
668
353
670
445
458
26
495
692
73
993
94
235
892
550
787
672
312
369
992
470
984
467
51
475
987
815
204
124
907
787
90
235
880
763
584
946
981
989
144
16
216
487
116
801
374
905
152
879
26
654
246
708
32
342
260
791
342
792
654
571
772
601
164
645
143
290
186
859
307
123
684
798
622
230
813
918
572
824
708
809
809
85
359
83
596
20
517
762
480
918
42
230
802
532
535
791
210
757
771
654
274
211
116
500
10
572
511
691
811
247
891
900
743
900
416
403
832
710
985
93
983
946
192
194
389
789
820
932
292
779
644
719
635
139
578
296
902
483
134
40
467
593
154
130
349
720
69
165
639
750
353
986
978
293
708
978
339
370
382
17
555
718
937
406
683
749
600
690
721
761
467
270
575
828
662
83
988
645
936
77
114
732
774
175
97
473
745
338
393
708
848
888
107
596
266
128
981
832
10
266
909
743
472
114
84
665
729
878
991
284
252
433
999
622
332
714
854
277
160
800
186
681
372
149
361
176
517
499
665
523
89
948
487
557
0
706
87
763
327
978
538
417
180
781
905
861
687
887
863
577
796
917
710
883
853
270
819
560
518
989
245
189
443
772
639
13
855
719
565
576
1000
863
443
39
509
468
871
399
901
598
309
233
941
159
974
925
910
705
476
503
977
357
706
963
454
506
864
511
786
388
48
715
750
857
289
813
114
89
225
667
804
43
909
987
675
751
448
795
144
777
589
70
990
995
328
391
26
553
844
268
422
292
635
435
947
166
862
251
5
199
182
579
996
242
319
929
865
904
494
936
170
213
85
375
95
345
385
995
611
778
243
880
727
899
820
177
432
670
830
766
552
206
770
328
943
378
62
522
762
373
8
442
300
977
585
706
319
349
497
371
259
55
543
659
737
789
549
344
232
923
381
243
46
170
600
850
586
790
525
945
665
908
854
885
999
906
705
644
354
720
666
651
807
24
373
635
31
219
901
383
789
864
741
455
409
278
91
743
120
948
511
744
763
873
311
806
871
633
190
443
385
897
404
872
116
185
750
294
877
419
118
410
82
998
844
868
35
228
234
344
365
81
531
715
47
153
166
789
707
910
917
417
631
916
125
425
161
977
349
533
518
307
517
844
250
2
999
859
171
747
4
755
755
589
97
807
251
889
118
446
159
824
242
577
173
236
901
166
801
725
656
440
999
708
727
977
237
700
816
298
337
892
328
501
162
127
421
845
135
323
129
398
387
749
479
689
678
398
843
59
929
788
776
408
105
695
169
95
210
894
761
505
855
840
703
846
643
875
379
165
90
452
493
36
594
391
180
309
325
905
325
723
280
443
679
363
548
282
310
350
343
462
705
2
501
487
803
88
159
538
194
958
3
137
500
889
973
634
418
696
875
483
397
515
705
273
399
809
840
815
507
833
713
741
49
445
750
733
146
881
936
402
692
942
935
579
556
735
28
48
721
52
150
525
900
252
401
744
373
422
325
773
800
77
425
623
611
688
359
792
606
560
426
887
319
864
694
600
218
238
233
359
86
90
129
584
213
325
579
470
926
584
531
618
732
810
207
128
806
414
4
250
489
756
999
301
418
868
648
246
941
836
588
872
562
564
777
237
172
109
283
119
82
841
15
381
925
641
33
695
33
940
721
816
478
539
98
978
856
137
518
681
854
224
486
408
780
416
532
20
706
844
587
596
450
150
829
825
567
417
659
118
559
134
744
787
110
108
510
94
378
321
572
283
136
962
37
812
530
411
854
692
314
497
675
465
570
905
71
715
141
587
370
511
848
120
406
313
867
66
382
229
419
353
347
603
623
349
804
680
814
498
730
159
71
364
739
403
906
279
797
278
297
799
505
367
997
594
715
597
47
806
389
454
504
490
955
128
931
935
114
71
200
521
146
433
189
641
240
209
71
241
302
599
719
30
305
418
285
51
147
624
856
271
61
111
577
333
348
326
150
175
860
976
55
268
508
557
60
592
245
199
726
576
93
203
682
275
688
241
522
126
15
190
4
241
460
794
506
48
796
647
451
210
848
433
844
10
171
180
581
339
126
958
236
96
255
514
154
36
582
521
311
748
911
584
349
885
793
875
530
221
896
132
65
287
533
224
685
562
478
649
503
587
910
649
267
318
629
779
975
882
343
663
225
852
514
628
957
710
459
82
509
280
374
322
87
312
375
85
848
698
721
952
230
646
507
708
119
464
380
117
608
645
333
258
395
512
500
127
652
174
307
320
646
781
81
854
533
725
501
2
25
463
488
740
713
409
677
741
386
441
98
560
335
858
438
23
307
147
930
500
713
239
986
733
32
558
385
498
680
761
349
635
903
594
792
10
342
952
166
910
704
625
358
484
230
367
293
407
379
692
144
399
0
172
931
566
711
400
355
574
443
887
139
734
559
391
234
316
887
113
486
782
618
815
944
218
84
413
615
543
842
584
964
236
275
732
648
914
578
784
319
192
136
946
560
284
348
622
354
38
433
749
819
530
252
130
93
206
331
569
672
489
118
63
414
996
195
14
569
9
71
81
663
276
854
662
555
546
236
926
158
118
929
863
786
122
256
537
369
15
381
210
331
561
115
960
413
315
764
18
272
730
181
548
843
554
25
422
937
158
479
449
748
449
426
123
927
688
893
330
739
466
438
666
128
430
137
339
629
4
453
752
220
385
628
65
925
84
417
171
496
132
458
803
735
463
856
976
125
594
129
472
579
802
973
498
66
246
64
202
103
485
501
786
36
421
90
887
4
431
758
162
688
976
956
541
225
639
647
556
672
795
173
60
115
688
232
35
507
506
676
731
877
790
77
179
472
932
327
605
237
30
672
426
19
4
283
600
987
513
391
886
722
384
718
247
284
162
191
182
724
75
612
320
778
213
999
826
640
440
577
42
398
628
780
451
835
227
917
18
495
15
455
74
475
109
353
170
520
177
192
263
885
557
674
319
859
644
873
542
553
341
659
10
713
294
206
348
689
877
217
326
73
934
430
88
844
136
275
688
727
0
232
568
785
588
229
778
524
804
297
319
774
822
296
283
76
525
676
98
691
312
179
512
188
907
814
694
913
20
523
565
959
644
543
499
951
18
601
595
971
825
6
187
629
82
696
102
151
745
451
127
832
198
505
412
766
427
55
472
391
769
921
730
785
290
96
667
549
175
325
350
908
930
935
750
448
121
42
264
666
483
810
638
934
450
623
634
664
420
939
50
516
155
284
567
390
644
1
771
185
29
517
154
585
523
55
849
754
375
147
849
275
324
631
653
622
395
822
790
609
368
735
505
17
282
145
870
954
230
370
69
294
134
346
814
919
557
234
857
111
234
45
616
374
377
128
822
209
739
853
893
788
401
114
311
492
814
185
5
480
864
751
385
183
237
988
65
654
280
719
714
91
98
68
786
52
777
852
199
417
3
365
429
125
357
514
812
642
303
827
270
939
482
110
94
33
362
476
15
417
160
843
115
607
84
265
931
345
436
293
565
386
139
629
770
452
53
770
685
32
645
529
523
500
191
624
515
192
852
431
246
82
846
653
927
858
444
678
821
209
501
168
404
828
867
733
283
570
770
236
146
455
924
757
869
246
285
591
720
52
276
711
550
471
158
301
221
988
880
897
828
25
584
622
921
4
218
504
378
43
620
523
845
165
518
554
292
378
455
359
630
520
917
798
119
973
216
495
29
982
447
196
341
414
329
920
401
920
852
153
298
885
333
170
597
522
972
174
498
990
114
37
611
28
436
69
269
926
542
271
897
798
855
295
627
281
565
792
232
643
154
64
250
948
926
810
663
136
379
788
910
7
403
443
105
291
756
897
5
372
503
41
557
840
424
581
563
26
808
123
923
506
605
847
138
863
890
34
508
419
505
830
637
129
668
660
389
51
830
851
325
589
307
293
39
371
97
904
523
907
37
117
420
894
257
843
5
895
266
921
719
95
72
23
272
906
193
639
783
370
951
898
767
20
482
444
438
960
509
67
654
1000
654
78
852
868
998
722
48
746
789
698
24
585
869
511
519
210
673
952
646
462
12
503
614
581
869
239
874
606
856
926
83
297
171
580
852
69
986
217
393
558
164
295
237
306
248
763
688
394
766
297
428
120
738
10
281
58
381
428
927
127
758
918
22
360
451
498
637
841
8
541
826
380
447
769
548
480
583
230
185
92
591
55
767
248
925
847
96
921
567
460
810
366
524
568
209
505
893
455
453
557
531
458
282
742
277
694
718
617
873
493
439
808
682
428
929
678
53
755
299
826
497
823
328
461
360
84
649
7
282
393
354
366
825
67
766
306
271
937
874
80
312
552
138
505
738
213
100
466
409
709
196
489
806
307
581
541
171
698
211
11
352
832
883
749
461
263
891
462
115
915
794
760
882
912
727
510
937
41
759
375
155
778
434
515
238
24
102
530
277
998
744
104
980
777
516
63
418
673
934
205
661
293
957
258
709
247
820
342
792
923
275
499
402
784
429
194
558
739
30
993
768
741
942
85
895
168
477
383
143
558
276
641
378
86
288
308
335
950
856
879
637
525
651
40
870
360
690
753
223
53
67
888
20
190
528
897
554
87
602
591
119
916
205
95
831
144
386
106
705
159
402
114
571
462
13
904
813
280
217
236
976
429
286
816
238
868
579
568
972
765
855
463
578
225
162
188
243
246
727
308
469
801
401
492
743
979
35
355
61
362
843
555
870
286
877
499
228
149
632
466
905
565
757
41
419
121
140
870
356
867
770
968
626
449
437
738
436
628
787
343
542
397
327
355
164
560
232
247
425
347
248
175
113
196
521
981
679
501
896
823
157
278
240
282
414
355
73
480
35
138
711
152
153
206
813
499
984
118
168
385
747
644
313
744
571
135
805
306
183
696
407
314
758
874
968
553
882
245
430
955
559
294
510
439
488
695
223
153
973
74
626
374
292
233
148
89
757
702
946
69
623
957
221
72
734
936
187
228
318
581
317
794
740
592
479
465
765
392
980
664
758
686
107
484
387
242
93
686
963
865
151
581
377
474
92
501
953
247
649
192
424
989
699
960
474
762
205
539
67
703
411
72
409
516
553
55
754
292
541
912
334
150
918
632
159
595
380
530
402
433
717
169
714
785
190
918
159
853
231
72
741
133
438
639
797
94
895
640
556
455
160
541
453
29
112
749
961
81
554
424
831
11
105
911
762
276
287
574
924
166
470
773
242
680
526
773
407
490
639
799
661
625
397
643
60
675
407
528
76
886
406
20
187
874
350
786
736
107
127
258
97
163
470
179
270
803
62
478
498
673
504
627
62
139
122
33
808
486
716
158
651
634
81
267
647
977
472
922
120
161
405
212
290
637
39
909
382
886
824
319
763
844
907
654
153
901
537
468
596
801
985
456
790
799
731
672
528
255
506
100
333
32
989
446
814
951
810
849
827
663
286
132
602
226
505
584
157
377
363
417
304
986
923
593
609
408
665
98
705
343
107
843
562
475
641
630
501
344
544
753
940
296
124
243
546
551
561
376
502
866
422
283
823
656
383
381
488
880
627
302
207
556
671
169
142
380
781
891
182
660
724
480
526
657
84
92
245
300
401
955
982
580
145
58
409
331
451
639
950
883
873
110
326
407
632
751
162
572
413
717
118
482
248
759
503
668
264
734
422
130
23
815
646
960
681
404
821
778
156
190
639
687
750
942
22
513
640
362
368
664
676
523
408
624
501
630
518
834
962
510
563
255
362
39
440
743
31
878
773
405
136
426
798
217
424
21
437
861
465
132
165
741
926
381
40
762
40
877
921
149
353
725
822
148
683
225
318
623
787
440
1000
134
379
295
617
483
532
384
204
406
542
161
917
923
613
390
244
675
367
375
58
245
572
724
510
586
472
164
622
152
962
719
712
779
780
469
740
947
95
355
187
396
193
867
491
954
991
705
804
691
264
807
349
429
590
384
132
80
367
366
101
463
922
909
272
323
337
537
605
581
304
684
322
504
942
583
200
929
498
988
434
316
889
422
728
237
981
112
831
373
236
863
491
401
653
776
287
721
237
902
714
174
568
29
627
241
675
315
400
112
613
241
420
620
163
408
491
937
578
30
221
290
856
188
3
770
531
485
863
683
510
167
651
661
460
503
711
72
76
324
719
840
541
568
182
245
34
352
904
186
78
783
452
513
765
748
845
587
934
336
190
354
197
675
291
552
645
902
531
975
170
115
381
11
416
485
598
241
783
997
576
467
868
644
226
328
512
192
140
792
24
22
648
311
752
177
773
92
406
559
118
704
903
628
564
898
246
904
308
67
211
212
242
141
308
11
845
355
886
233
2
108
571
171
830
292
600
190
215
613
495
937
61
474
300
839
582
939
968
583
976
130
858
957
99
324
891
762
232
86
917
520
801
365
495
496
86
494
462
251
413
660
428
601
596
914
293
170
127
827
320
881
877
405
227
158
36
251
654
264
140
86
730
666
278
794
649
158
951
708
121
893
179
297
704
216
898
723
189
753
692
481
874
700
395
35
449
990
712
920
339
133
492
276
691
555
400
80
686
647
234
818
704
575
901
123
992
686
610
701
614
11
279
391
297
809
714
631
167
295
8
610
709
433
128
79
504
957
705
703
302
950
623
550
27
677
405
633
905
839
951
809
93
871
518
630
430
657
533
498
185
962
246
774
449
603
387
115
914
667
397
228
221
730
746
319
481
574
57
705
938
902
679
546
394
790
792
536
691
39
427
431
216
410
807
0
25
358
462
826
743
630
432
973
61
982
575
399
174
350
523
406
8
239
289
163
980
100
72
416
464
453
423
588
954
125
285
334
361
153
848
742
954
721
649
465
648
632
464
15
21
94
141
825
799
399
920
368
544
994
430
663
896
233
194
209
601
69
919
137
59
45
190
389
370
926
68
911
685
472
605
477
293
293
189
486
115
711
71
372
558
512
472
152
974
254
201
737
298
155
229
546
983
742
720
163
468
780
309
290
628
492
511
953
130
206
703
660
154
852
357
577
88
308
442
822
750
748
999
649
302
369
531
472
641
699
681
231
628
341
142
20
836
596
372
932
575
606
962
928
56
252
281
332
899
705
751
860
67
438
540
82
883
651
538
302
529
573
833
486
199
644
914
468
838
198
234
228
382
63
774
408
952
521
191
985
639
966
291
292
831
90
566
812
88
396
754
732
345
554
943
171
367
397
418
985
617
227
500
117
723
360
10
709
659
690
648
622
716
794
929
773
825
181
220
567
645
780
260
141
314
416
738
267
799
272
195
607
527
761
893
618
557
790
276
178
766
2
14
946
352
840
75
388
719
380
733
15
627
697
257
245
641
996
754
564
603
354
581
491
546
83
371
60
631
447
6
283
967
29
240
165
486
540
205
931
94
577
525
123
644
159
944
137
158
140
524
515
153
184
296
710
184
826
384
558
54
591
489
154
611
208
816
378
896
530
4
566
226
673
859
307
623
571
916
506
68
937
430
441
25
29
731
917
579
582
236
111
867
704
695
159
840
157
293
730
275
133
958
130
273
241
881
830
56
253
922
745
101
352
961
78
639
824
257
877
452
483
483
619
538
672
758
974
415
892
830
713
709
100
713
833
154
716
222
759
479
895
226
87
978
209
423
36
177
504
102
166
347
732
918
510
831
732
541
534
315
90
91
668
803
731
915
169
978
259
783
746
662
651
48
614
270
105
20
942
829
923
620
694
121
315
246
98
277
977
266
533
741
763
356
23
755
29
42
949
289
855
119
68
330
140
582
32
973
620
843
38
317
559
793
237
908
278
281
902
503
923
217
470
680
705
144
772
541
650
36
894
480
733
619
462
137
121
865
935
584
253
430
617
641
528
829
979
416
631
985
588
485
78
509
819
88
254
255
14
574
105
804
370
494
181
642
231
646
899
508
421
137
587
965
84
3
840
939
119
800
242
74
558
397
612
233
365
466
721
485
676
535
952
264
9
489
837
777
200
94
346
383
250
373
155
63
223
12
194
52
112
533
334
204
398
423
300
405
557
159
464
909
535
757
650
365
129
520
556
391
542
451
408
171
809
131
606
388
322
288
415
177
904
947
16
498
821
919
830
350
334
277
756
231
584
33
696
261
550
282
206
562
232
660
259
1000
276
688
21
563
536
590
528
575
180
677
828
578
652
764
980
206
373
538
307
871
74
388
62
958
645
290
801
738
747
378
345
345
885
607
630
856
937
377
727
167
332
552
797
202
472
738
368
649
372
624
678
185
493
845
613
951
447
11
789
89
569
346
742
452
285
575
665
494
475
620
626
810
206
14
849
915
190
580
437
314
743
700
502
316
349
223
715
781
960
851
325
734
711
609
434
746
848
687
363
771
806
263
533
907
614
80
748
846
925
466
978
142
870
666
904
985
411
284
941
463
802
247
901
986
418
417
962
869
72
599
921
239
886
471
930
574
431
615
589
798
878
4
37
733
932
635
529
773
597
255
530
485
502
223
191
304
485
579
902
691
579
968
251
659
957
717
884
629
475
51
793
490
118
323
974
54
446
819
616
907
185
723
155
477
515
547
887
104
688
883
291
975
32
191
13
897
335
401
145
59
601
228
27
857
765
905
293
415
604
66
329
968
779
969
338
412
489
515
996
982
4
39
904
429
788
929
599
641
144
756
662
258
231
80
231
456
434
524
499
793
919
716
921
597
249
827
527
602
402
969
521
841
354
30
757
886
952
969
646
982
121
644
390
628
476
278
379
512
39
719
643
234
762
749
912
960
339
531
382
475
614
475
200
471
842
114
566
300
101
238
813
480
88
514
854
949
966
452
42
101
229
584
202
892
935
982
512
904
955
434
155
30
878
982
864
410
152
241
441
413
225
637
819
531
448
505
380
865
333
181
243
157
89
507
649
241
216
711
240
613
25
717
718
100
212
739
728
478
161
389
647
516
464
790
792
334
725
743
879
665
699
518
801
404
915
592
216
168
575
97
88
546
900
171
924
833
591
694
178
663
765
256
372
153
794
622
518
12
464
163
299
842
424
266
945
525
578
423
908
884
974
899
115
85
140
936
422
533
707
343
73
504
978
585
697
786
734
646
173
814
54
758
382
677
180
685
279
69
432
495
278
333
587
513
929
116
837
496
198
172
697
926
73
160
553
100
296
611
831
224
857
408
955
645
504
328
688
987
829
81
58
333
625
931
978
478
282
656
924
361
944
517
381
31
593
991
157
246
219
388
285
860
544
740
404
337
680
539
132
175
406
957
615
160
203
600
289
510
468
141
145
173
704
725
692
487
119
947
246
231
113
956
808
857
602
961
649
684
478
495
696
320
302
8
533
987
113
258
448
435
952
72
1
495
947
570
243
134
405
935
680
330
680
200
546
712
67
478
605
443
265
892
348
343
870
226
250
312
848
158
300
590
660
165
706
337
715
468
441
741
781
44
640
409
442
462
798
624
118
395
371
624
553
81
197
513
711
785
114
218
568
776
577
80
166
580
805
897
929
816
325
858
161
763
655
867
877
570
635
273
237
632
635
547
329
671
871
945
80
18
408
704
550
328
493
828
133
320
641
601
201
850
561
634
246
341
386
507
581
396
178
154
522
39
961
546
918
861
834
715
727
700
844
804
838
27
403
548
863
575
806
83
431
904
911
298
363
886
750
953
680
162
276
11
428
816
996
338
173
596
595
358
728
840
114
374
384
514
43
530
976
456
669
737
126
566
638
257
46
25
545
903
73
821
500
61
208
494
713
79
301
812
534
351
564
871
673
840
114
988
745
696
248
605
394
425
488
3
799
471
348
346
560
801
38
935
886
960
994
93
322
857
11
85
383
429
629
907
286
26
613
934
47
934
943
254
862
523
321
930
222
328
238
470
136
90
53
866
109
963
496
993
471
26
704
137
224
20
886
943
746
440
173
715
830
372
973
536
67
209
690
166
967
700
899
291
396
972
928
827
642
517
283
343
579
764
654
173
158
953
564
586
93
816
100
282
716
350
458
242
687
306
113
963
25
691
176
573
785
665
206
708
180
581
629
763
602
757
16
963
444
677
581
665
791
939
991
54
477
293
28
345
87
561
299
503
563
476
321
423
929
711
652
982
582
910
71
965
104
459
394
314
310
241
870
919
937
651
469
923
291
96
748
574
624
253
830
451
328
110
363
34
467
237
771
109
304
708
972
767
773
638
985
148
219
556
306
195
16
184
246
252
134
176
928
666
715
322
176
382
422
858
465
518
21
806
99
847
531
768
328
681
820
463
436
553
618
630
861
903
711
412
517
95
854
388
967
763
667
27
836
758
451
495
331
280
730
551
205
95
817
615
149
944
251
575
401
727
427
351
350
245
115
14
815
335
226
302
900
992
62
304
979
493
493
974
634
195
757
807
400
673
628
313
775
97
4
493
505
268
480
130
397
292
50
679
998
357
717
763
274
332
816
8
179
547
398
589
853
663
468
140
13
995
423
915
223
608
797
324
83
191
14
711
185
860
772
819
155
498
259
148
920
471
796
672
825
69
809
79
453
361
61
892
732
547
273
263
649
745
633
113
560
868
58
804
988
540
565
805
442
728
350
744
859
190
580
363
566
756
853
149
748
729
462
902
539
271
758
303
475
90
955
500
782
911
99
639
837
307
769
586
156
383
723
137
742
97
850
205
66
20
595
195
203
736
489
843
59
836
523
540
20
703
669
679
208
76
368
378
573
707
568
450
885
929
866
625
142
134
496
823
233
184
936
846
297
512
409
276
39
673
740
906
637
771
682
29
886
280
310
941
642
128
605
751
445
962
444
469
388
720
472
669
584
726
797
93
839
439
181
842
258
986
427
245
308
355
279
689
6
190
274
589
58
179
63
665
820
542
79
421
190
509
443
316
581
814
437
347
173
828
133
517
612
126
814
739
484
670
73
565
903
825
901
932
395
879
459
70
810
118
191
342
200
179
950
79
842
388
699
172
596
45
86
648
506
513
622
916
372
32
603
969
87
986
332
17
427
574
558
745
509
542
377
622
500
643
689
511
852
287
657
34
266
881
185
628
189
277
437
187
891
156
564
693
776
152
876
280
763
522
176
772
361
254
368
27
7
407
476
170
353
711
547
847
236
20
387
780
252
837
851
545
439
659
993
486
714
972
641
480
118
36
394
888
847
257
728
609
869
933
513
944
503
567
883
181
470
977
960
0
456
894
292
198
926
282
837
593
439
246
178
922
990
791
165
657
619
728
438
471
332
914
487
462
337
836
334
552
547
957
299
518
999
141
384
143
51
527
989
369
511
636
402
335
189
832
439
311
302
894
495
192
64
310
233
526
159
159
284
683
21
213
639
155
36
956
725
989
873
126
970
847
992
433
159
337
36
557
865
441
31
707
431
317
896
32
857
439
125
154
999
569
142
444
211
547
238
123
525
517
821
729
876
111
526
866
469
446
523
586
303
32
701
746
156
663
37
207
373
981
137
719
942
932
160
639
911
323
376
822
186
503
556
8
649
834
79
624
383
433
495
685
46
944
628
583
417
446
953
952
274
542
852
217
500
999
95
394
489
153
114
721
918
113
248
766
500
623
516
318
442
826
71
144
252
242
4
90
532
434
669
450
502
816
309
293
718
468
696
666
261
537
65
416
998
934
325
158
822
70
507
941
587
473
172
790
655
184
588
105
359
632
143
119
962
688
249
166
537
251
251
536
730
836
622
857
862
69
7
521
268
407
684
136
954
528
887
32
360
25
374
928
178
465
659
392
77
486
508
394
185
284
962
33
334
335
141
787
212
240
159
189
733
427
940
163
588
922
839
892
625
478
990
721
888
952
524
979
747
305
945
74
631
130
382
887
678
297
382
994
378
724
110
130
364
619
528
554
84
577
68
776
668
96
898
741
142
706
889
611
215
107
312
72
247
197
333
662
231
697
706
864
347
994
514
281
513
802
443
448
971
306
112
966
791
973
444
405
537
604
500
681
576
408
877
447
556
850
335
109
777
980
435
185
719
714
833
663
22
425
958
5
659
727
686
374
89
115
548
275
677
536
852
449
725
389
9
163
215
584
535
676
648
519
75
175
164
191
697
100
829
138
749
629
338
337
998
16
648
645
546
587
161
688
14
837
604
750
670
73
672
168
973
486
666
259
27
819
268
236
355
244
420
622
625
768
14
394
830
545
999
668
313
867
962
787
333
857
934
12
478
541
947
307
629
514
344
369
708
55
112
443
308
421
708
75
343
913
817
342
293
563
413
855
248
954
165
390
788
304
81
147
166
587
596
776
194
331
318
944
997
172
880
235
811
328
939
725
766
64
332
671
716
942
166
850
438
681
281
629
398
972
187
210
94
89
938
821
322
89
527
387
876
320
818
623
456
404
842
51
859
413
176
956
538
242
107
273
133
943
289
37
249
961
811
454
484
264
800
936
877
324
818
153
150
236
975
429
696
275
144
974
947
724
704
523
54
865
426
79
572
53
230
776
500
104
740
7
210
663
979
497
89
771
194
622
1000
219
852
71
331
737
3
418
912
608
361
989
852
684
94
846
196
690
499
391
61
434
170
328
910
140
975
336
44
944
853
887
603
649
49
314
316
14
567
703
58
828
373
61
202
33
470
78
408
997
812
815
171
102
511
433
531
321
116
145
729
740
989
556
640
916
643
362
984
672
156
162
677
54
449
616
333
740
484
321
351
330
168
905
653
553
457
997
382
860
114
280
55
701
264
355
163
237
903
902
171
695
973
194
731
163
589
639
69
907
213
400
316
335
761
68
655
172
416
204
410
262
887
71
102
637
590
621
265
350
421
638
129
26
107
99
717
882
430
914
498
566
585
498
669
438
808
247
810
464
390
357
580
689
220
599
869
415
495
35
462
707
444
567
908
780
37
354
967
999
388
531
512
764
335
666
1
734
337
472
455
374
235
781
700
699
706
370
231
674
249
13
740
836
300
461
47
467
84
215
68
41
411
76
562
975
296
972
860
107
240
247
864
709
642
764
825
728
723
275
490
170
848
207
890
602
638
319
917
974
160
907
330
269
246
787
307
147
455
266
210
978
424
398
89
829
844
424
58
124
489
559
834
541
454
364
906
703
867
990
234
384
677
746
786
662
606
487
264
555
733
677
60
419
399
806
358
796
420
115
410
165
248
536
847
955
481
517
860
493
700
633
321
918
515
805
935
438
341
689
124
282
51
862
898
402
464
0
864
674
22
434
658
760
610
226
899
136
107
457
183
591
277
300
82
902
541
539
298
563
49
175
290
212
612
947
605
325
66
432
90
997
56
109
954
538
0
121
218
252
529
872
924
401
567
952
64
429
430
343
450
879
919
453
220
343
810
363
281
198
144
751
204
713
824
849
157
500
199
2
616
356
528
725
915
518
870
462
837
200
413
950
342
398
341
89
129
462
498
843
154
701
105
528
515
932
38
970
464
654
81
778
681
212
860
974
295
63
342
69
481
231
402
820
574
113
692
766
717
897
443
828
346
64
636
651
607
751
292
187
880
675
764
802
580
603
279
194
440
42
481
829
338
164
909
264
495
717
463
535
902
897
852
361
964
57
223
8
270
97
660
846
934
857
559
558
91
151
117
857
849
328
184
241
259
543
849
103
470
788
568
52
204
88
242
883
469
168
922
935
900
808
289
889
394
326
197
284
720
724
915
381
354
238
738
869
360
345
837
160
73
266
375
11
376
396
150
983
902
321
478
923
370
523
90
943
126
513
780
180
165
93
195
106
721
335
58
0
640
455
222
187
724
584
182
335
902
961
820
342
493
581
318
79
832
301
977
181
539
634
861
457
718
301
53
304
640
487
582
915
571
439
47
859
212
706
142
875
21
679
230
906
810
468
276
188
849
975
952
855
37
921
118
462
292
87
210
991
157
712
609
865
897
226
368
661
145
661
49
494
182
15
247
709
877
557
814
770
101
293
473
677
187
195
477
928
395
669
393
586
347
317
7
885
693
575
816
435
758
371
390
775
390
77
394
375
541
276
808
59
407
188
872
37
843
587
425
490
706
600
611
481
574
887
459
688
712
323
684
318
27
886
755
371
552
309
126
529
324
822
127
465
135
226
970
359
507
84
843
239
742
918
745
558
868
627
39
488
856
51
626
813
953
546
443
427
274
583
403
845
270
898
600
133
125
52
209
577
976
521
418
309
70
727
951
597
415
929
931
487
846
337
455
97
223
314
74
298
750
688
75
419
595
157
416
2
839
722
145
3
839
777
642
146
155
837
991
632
858
579
983
951
915
412
787
461
504
42
491
397
672
732
369
794
77
635
761
729
421
320
331
931
749
64
675
890
761
85
236
952
960
166
760
76
544
719
490
894
717
204
852
745
33
140
293
662
636
189
719
439
197
754
73
682
523
242
473
468
634
772
236
178
688
930
277
754
245
643
510
24
615
879
175
324
231
342
285
350
767
477
918
46
981
174
906
880
579
932
663
137
925
656
171
593
514
109
21
600
472
972
345
225
930
711
308
315
268
338
680
132
243
550
1000
152
414
997
859
304
162
161
521
497
945
514
179
330
246
200
611
188
140
313
742
889
753
800
859
953
342
857
515
932
397
405
109
178
440
166
370
800
454
658
509
830
127
816
577
720
186
502
87
660
478
374
302
94
172
432
541
911
648
703
537
504
112
583
225
89
173
280
734
969
195
842
65
981
322
684
879
449
840
290
749
26
165
238
468
252
200
861
607
228
289
348
130
236
792
379
735
885
543
994
803
8
716
426
285
206
450
99
680
4
186
117
988
178
713
480
474
443
668
279
234
688
671
530
525
671
233
258
878
890
550
813
661
214
128
835
109
904
468
763
997
622
327
981
646
646
425
59
412
17
669
52
46
550
423
754
460
257
590
328
331
861
100
623
165
909
444
579
510
743
342
728
26
209
936
135
531
84
486
318
744
849
337
938
816
902
342
287
683
21
725
280
442
293
343
385
112
84
784
871
293
375
13
369
543
733
918
401
184
437
712
322
770
91
18
745
308
758
164
439
446
747
343
668
11
547
159
776
870
11
584
100
944
635
720
631
716
941
722
551
211
247
545
455
127
472
489
996
86
581
64
347
277
393
38
47
749
848
385
43
174
398
137
542
347
423
639
796
474
427
332
287
469
542
436
588
114
827
998
956
593
126
648
18
172
190
766
871
539
970
612
273
1
252
11
630
616
426
951
458
145
970
571
617
100
576
574
819
86
942
139
934
712
395
17
762
629
199
98
492
705
996
362
241
197
156
778
393
175
441
474
227
960
684
604
361
852
148
288
354
547
894
965
635
822
772
817
342
566
641
514
312
114
196
286
718
587
805
359
487
50
803
348
458
672
423
813
85
553
935
588
538
878
180
157
90
844
718
835
455
616
777
566
13
664
697
411
202
429
151
973
251
643
116
604
265
310
268
810
410
601
437
864
561
62
752
93
749
499
497
404
457
549
893
230
934
299
176
909
566
359
655
179
848
347
795
277
648
837
888
324
330
815
279
28
927
344
992
567
401
197
696
49
314
867
54
306
46
451
160
290
986
181
988
570
865
164
94
754
249
865
135
768
442
938
797
809
98
158
841
941
151
659
349
733
398
768
491
253
831
67
402
893
643
713
614
309
988
483
936
331
470
762
811
680
757
58
332
131
680
666
232
164
660
504
389
480
567
82
375
696
151
81
571
123
560
844
994
967
120
113
480
264
419
520
142
876
860
579
201
236
498
828
927
326
908
498
438
739
983
947
99
805
103
392
517
76
586
359
699
949
305
650
446
2
772
870
166
60
265
813
857
155
278
245
726
996
439
711
68
796
936
99
852
636
298
266
154
524
330
347
482
605
724
378
862
66
635
214
50
879
101
365
691
469
386
455
738
572
244
900
720
566
616
845
818
168
277
643
440
749
70
917
16
451
125
642
81
816
126
272
693
745
57
852
263
809
968
335
897
533
142
516
762
405
686
16
348
275
905
989
759
813
625
203
563
606
949
191
2
472
363
593
288
835
161
494
608
594
441
222
354
606
953
246
486
450
768
616
36
279
562
876
922
716
345
912
157
176
895
621
980
509
601
594
576
643
814
621
412
223
241
427
804
525
642
702
537
854
45
945
813
796
995
366
952
249
662
803
981
333
220
138
998
299
984
803
93
330
299
958
469
817
852
546
533
823
353
77
276
727
469
22
667
694
487
15
969
478
913
391
557
549
996
225
242
359
435
80
155
134
409
799
212
819
69
315
508
501
270
73
997
306
381
307
751
164
160
744
378
519
883
151
272
135
596
30
351
30
664
179
121
783
880
349
453
480
178
875
344
908
60
207
706
989
492
176
161
676
913
933
456
881
788
242
21
107
387
363
672
662
193
870
566
402
45
91
286
228
116
117
960
519
39
593
841
965
559
102
621
704
552
362
647
658
446
709
377
317
76
468
953
303
732
531
358
87
497
79
755
992
12
405
875
246
499
269
190
187
19
540
453
868
680
779
416
53
192
449
111
579
379
202
7
381
685
450
230
48
336
289
444
203
443
552
290
519
472
246
353
430
430
698
966
760
337
11
936
640
873
67
466
440
242
613
692
3
370
620
185
548
43
633
168
124
136
448
803
325
885
677
850
545
358
795
925
681
200
447
657
956
998
885
817
168
319
419
179
803
401
995
501
497
464
753
662
906
295
771
194
542
689
536
8
952
52
599
938
114
12
774
938
185
294
842
51
409
592
844
235
290
9
380
229
605
21
548
670
435
762
850
620
700
463
635
79
923
602
730
960
843
951
263
342
658
931
545
719
460
560
590
979
194
321
573
38
769
913
496
426
676
399
566
729
254
627
131
326
926
277
709
192
368
253
111
912
894
818
289
443
941
448
872
236
401
984
544
786
658
391
767
32
381
611
124
54
113
338
535
241
313
227
698
492
973
542
327
629
803
801
83
225
382
393
453
104
547
607
469
260
272
400
50
699
957
521
655
566
75
949
584
326
948
545
95
577
736
655
568
633
541
971
76
581
601
869
551
216
994
185
214
931
978
747
847
975
902
826
456
550
201
811
678
992
736
685
525
345
227
866
432
529
581
170
699
487
845
236
140
590
970
747
84
997
294
925
698
389
532
308
544
214
989
26
83
45
748
736
610
395
656
22
896
27
238
941
87
930
577
814
485
700
867
417
24
583
633
615
480
730
163
525
663
388
894
656
189
458
367
380
206
170
412
933
531
307
539
624
544
473
148
705
804
777
420
388
676
589
655
723
382
175
575
49
934
574
990
475
331
138
117
526
285
749
993
218
126
747
543
27
44
532
362
625
561
509
250
274
91
72
412
300
1
97
70
495
473
423
418
350
967
530
442
449
577
713
578
386
104
756
708
351
937
179
926
615
289
388
206
108
257
474
450
650
34
359
72
405
166
965
387
519
285
609
990
749
834
843
939
619
848
765
722
27
319
516
142
438
402
498
660
163
909
260
556
557
696
533
195
807
896
228
367
325
170
621
823
286
228
916
625
848
166
425
639
113
430
322
477
824
401
878
610
377
939
172
816
332
610
42
945
1000
175
971
94
56
43
679
412
483
658
850
285
711
470
794
132
368
622
110
615
862
933
165
200
583
46
764
616
611
721
65
823
537
192
159
613
886
381
545
685
125
202
261
606
766
95
847
442
821
672
166
776
689
653
70
148
962
829
29
133
540
60
83
255
25
928
596
154
41
48
574
888
203
745
231
356
965
808
852
754
628
279
208
356
566
111
320
260
571
177
488
942
610
636
830
367
71
745
725
170
969
503
585
712
549
998
626
220
246
431
699
420
15
526
890
642
506
889
389
291
397
630
407
92
395
964
252
526
859
88
946
977
103
685
318
468
594
978
548
101
218
544
319
12
248
270
525
916
372
820
662
849
202
887
801
160
635
964
952
462
956
544
480
116
377
259
923
287
854
524
363
841
269
908
322
303
919
799
353
727
450
849
416
254
439
476
244
507
332
905
763
331
919
722
211
441
872
758
419
734
640
370
166
643
411
905
642
857
250
128
944
514
784
532
454
370
667
196
823
64
868
964
509
992
867
838
545
851
280
634
398
203
850
728
730
402
185
965
483
616
129
122
843
181
397
585
327
622
867
936
785
50
680
854
68
298
312
137
726
799
46
312
634
566
477
185
819
148
153
614
284
721
510
141
931
757
446
106
796
238
412
956
109
784
841
184
678
174
169
885
576
752
343
241
355
280
128
4
296
961
198
120
843
628
115
807
366
491
879
452
258
18
331
386
559
945
361
410
616
934
565
950
943
192
862
490
492
132
658
122
173
414
124
247
606
14
771
260
410
562
433
190
209
358
742
45
966
316
636
304
254
859
444
226
557
483
770
203
48
375
304
926
507
495
625
964
252
593
47
858
836
474
779
705
176
911
69
513
670
827
923
128
621
941
675
924
973
284
213
699
261
103
438
53
226
628
146
629
220
215
786
833
705
32
991
763
717
77
367
909
485
163
427
648
554
867
654
192
11
190
753
734
647
281
783
803
663
745
203
161
842
149
886
201
29
629
195
761
24
202
280
967
665
352
989
402
303
194
9
890
86
698
940
292
264
769
404
103
44
781
358
51
983
47
356
471
529
234
669
746
933
26
370
713
536
562
500
968
1000
660
581
940
46
539
275
479
871
259
696
954
457
964
92
691
257
703
317
98
285
445
394
642
393
963
642
978
794
703
925
497
625
996
978
764
945
752
3
330
130
802
22
543
759
345
153
780
734
674
988
648
728
407
829
838
473
686
481
682
318
448
886
307
435
535
66
885
917
798
164
441
76
990
204
205
562
603
328
17
208
20
195
612
392
347
476
476
762
714
233
215
333
710
204
379
160
802
891
445
960
835
234
975
85
316
21
792
519
860
618
418
987
1
294
55
155
758
955
994
313
583
705
559
842
995
119
504
930
729
947
756
188
308
253
491
596
543
52
160
947
586
935
951
371
580
973
555
327
883
3
254
691
735
806
902
405
604
694
32
414
211
905
599
822
666
145
667
